Freq.	V(v1)	V(v2)
5.00000000000000e+03	1.37652049624952e+02	-4.21753198964225e+00	-9.52664212952362e+01	3.76836375083323e+01
5.05789727129949e+03	1.37650800553932e+02	-4.26651990241601e+00	-9.74004348535489e+01	3.86605212668500e+01
5.11646496140377e+03	1.37649521308724e+02	-4.31608026268330e+00	-9.95802104844208e+01	3.96671931320885e+01
5.17571083339672e+03	1.37648211136369e+02	-4.36621987448827e+00	-1.01806632520945e+02	4.07046172969868e+01
5.23564274025450e+03	1.37646869264251e+02	-4.41694562657571e+00	-1.04080597573019e+02	4.17737894521901e+01
5.29626862588645e+03	1.37645494899161e+02	-4.46826449337502e+00	-1.06403014642054e+02	4.28757364509134e+01
5.35759652618803e+03	1.37644087227134e+02	-4.52018353623447e+00	-1.08774804881933e+02	4.40115187442896e+01
5.41963457010602e+03	1.37642645412510e+02	-4.57270990442968e+00	-1.11196901456672e+02	4.51822309757448e+01
5.48239098071593e+03	1.37641168597370e+02	-4.62585083693853e+00	-1.13670249443897e+02	4.63890029946276e+01
5.54587407631201e+03	1.37639655901067e+02	-4.67961366287003e+00	-1.16195805703783e+02	4.76330004919676e+01
5.61009227150982e+03	1.37638106419345e+02	-4.73400580310247e+00	-1.18774538668920e+02	4.89154271932812e+01
5.67505407836158e+03	1.37636519223790e+02	-4.78903477214368e+00	-1.21407428191857e+02	5.02375247903475e+01
5.74076810748442e+03	1.37634893361096e+02	-4.84470817798872e+00	-1.24095465187887e+02	5.16005747469155e+01
5.80724306920172e+03	1.37633227852447e+02	-4.90103372488570e+00	-1.26839651475651e+02	5.30058997657711e+01
5.87448777469765e+03	1.37631521692548e+02	-4.95801921377614e+00	-1.29640999615385e+02	5.44548639198868e+01
5.94251113718510e+03	1.37629773848829e+02	-5.01567254438463e+00	-1.32500532454578e+02	5.59488745582501e+01
6.01132217308707e+03	1.37627983261058e+02	-5.07400171575313e+00	-1.35419282530142e+02	5.74893849470983e+01
6.08093000323185e+03	1.37626148840104e+02	-5.13301482819554e+00	-1.38398292356595e+02	5.90778926542371e+01
6.15134385406191e+03	1.37624269467238e+02	-5.19272008441899e+00	-1.41438613324076e+02	6.07159438357229e+01
6.22257305885693e+03	1.37622343993081e+02	-5.25312579141609e+00	-1.44541305730473e+02	6.24051320883701e+01
6.29462705897084e+03	1.37620371237133e+02	-5.31424036185856e+00	-1.47707438135293e+02	6.41471018742367e+01
6.36751540508332e+03	1.37618349986363e+02	-5.37607231438109e+00	-1.50938086676420e+02	6.59435492358246e+01
6.44124775846568e+03	1.37616278994404e+02	-5.43863027721521e+00	-1.54234334869820e+02	6.77962229668027e+01
6.51583389226151e+03	1.37614156980802e+02	-5.50192298780927e+00	-1.57597272675259e+02	6.97069261408310e+01
6.59128369278205e+03	1.37611982629352e+02	-5.56595929579372e+00	-1.61027996011032e+02	7.16775183117301e+01
6.66760716081663e+03	1.37609754587907e+02	-5.63074816352539e+00	-1.64527606057746e+02	7.37099167238569e+01
6.74481441295828e+03	1.37607471466591e+02	-5.69629866825393e+00	-1.68097208323667e+02	7.58060979007480e+01
6.82291568294463e+03	1.37605131836828e+02	-5.76262000363691e+00	-1.71737912149233e+02	7.79680990839293e+01
6.90192132301444e+03	1.37602734230327e+02	-5.82972148123405e+00	-1.75450829651716e+02	8.01980201988429e+01
6.98184180527970e+03	1.37600277137645e+02	-5.89761253286939e+00	-1.79237074781800e+02	8.24980258233340e+01
7.06268772311379e+03	1.37597759007149e+02	-5.96630271133442e+00	-1.83097762531031e+02	8.48703466569946e+01
7.14446979255553e+03	1.37595178243511e+02	-6.03580169277144e+00	-1.87034007660968e+02	8.73172809015630e+01
7.22719885372965e+03	1.37592533206686e+02	-6.10611927815739e+00	-1.91046923825200e+02	8.98411970130649e+01
7.31088587228361e+03	1.37589822209995e+02	-6.17726539573853e+00	-1.95137622191638e+02	9.24445351963888e+01
7.39554194084105e+03	1.37587043519333e+02	-6.24925010165189e+00	-1.99307210332404e+02	9.51298089510454e+01
7.48117828047218e+03	1.37584195351015e+02	-6.32208358316750e+00	-2.03556790911870e+02	9.78996070918690e+01
7.56780624218106e+03	1.37581275870947e+02	-6.39577615934876e+00	-2.07887460176002e+02	1.00756596282950e+02
7.65543730841017e+03	1.37578283192555e+02	-6.47033828345536e+00	-2.12300306645455e+02	1.03703522910608e+02
7.74408309456243e+03	1.37575215375179e+02	-6.54578054542561e+00	-2.16796409335293e+02	1.06743213930423e+02
7.83375535054077e+03	1.37572070422658e+02	-6.62211367276000e+00	-2.21376836324579e+02	1.09878580690762e+02
7.92446596230559e+03	1.37568846281410e+02	-6.69934853321539e+00	-2.26042642733322e+02	1.13112620203628e+02
8.01622695345023e+03	1.37565540838577e+02	-6.77749613654249e+00	-2.30794869176595e+02	1.16448417197487e+02
8.10905048679467e+03	1.37562151920310e+02	-6.85656763673903e+00	-2.35634539718634e+02	1.19889146301253e+02
8.20294886599772e+03	1.37558677289654e+02	-6.93657433428818e+00	-2.40562659595479e+02	1.23438074372551e+02
8.29793453718783e+03	1.37555114644793e+02	-7.01752767728432e+00	-2.45580213501812e+02	1.27098562329018e+02
8.39402009061283e+03	1.37551461616723e+02	-7.09943926506479e+00	-2.50688162977580e+02	1.30874068068992e+02
8.49121826230875e+03	1.37547715767283e+02	-7.18232084891642e+00	-2.55887444002964e+02	1.34768148649491e+02
8.58954193578797e+03	1.37543874587142e+02	-7.26618433490662e+00	-2.61178964853595e+02	1.38784461253870e+02
8.68900414374690e+03	1.37539935492946e+02	-7.35104178668051e+00	-2.66563602863557e+02	1.42926768174757e+02
8.78961806979349e+03	1.37535895825605e+02	-7.43690542624481e+00	-2.72042202426772e+02	1.47198935502770e+02
8.89139705019464e+03	1.37531752847398e+02	-7.52378763780733e+00	-2.77615571118254e+02	1.51604939226617e+02
8.99435457564397e+03	1.37527503739826e+02	-7.61170096907245e+00	-2.83284478060410e+02	1.56148863917741e+02
9.09850429304995e+03	1.37523145600708e+02	-7.70065813339704e+00	-2.89049649010796e+02	1.60834908355650e+02
9.20386000734481e+03	1.37518675441560e+02	-7.79067201338237e+00	-2.94911764421417e+02	1.65667385521110e+02
9.31043568331437e+03	1.37514090185060e+02	-7.88175566149558e+00	-3.00871454961281e+02	1.70650727109085e+02
9.41824544744904e+03	1.37509386661779e+02	-7.97392230430739e+00	-3.06929299033542e+02	1.75789482498148e+02
9.52730358981627e+03	1.37504561607504e+02	-8.06718534323530e+00	-3.13085817397272e+02	1.81088324741693e+02
9.63762456595472e+03	1.37499611660147e+02	-8.16155835776377e+00	-3.19341470320528e+02	1.86552051452180e+02
9.74922299879026e+03	1.37494533356370e+02	-8.25705510857196e+00	-3.25696653427563e+02	1.92185585281611e+02
9.86211368057431e+03	1.37489323128548e+02	-8.35368953833664e+00	-3.32151692615088e+02	1.97993979029444e+02
9.97631157484444e+03	1.37483977301072e+02	-8.45147577615929e+00	-3.38706839574067e+02	2.03982417234969e+02
1.00918318184078e+04	1.37478492087413e+02	-8.55042813797141e+00	-3.45362268078892e+02	2.10156216398490e+02
1.02086897233477e+04	1.37472863585812e+02	-8.65056113192682e+00	-3.52118067425815e+02	2.16520829893097e+02
1.03269007790527e+04	1.37467087775921e+02	-8.75188945755235e+00	-3.58974238924594e+02	2.23081847861534e+02
1.04464806542702e+04	1.37461160514913e+02	-8.85442801132252e+00	-3.65930689366636e+02	2.29845000639922e+02
1.05674451991833e+04	1.37455077533539e+02	-8.95819188693129e+00	-3.72987225869935e+02	2.36816160088251e+02
1.06898104475112e+04	1.37448834431614e+02	-9.06319637994523e+00	-3.80143549720794e+02	2.44001342374845e+02
1.08135926186352e+04	1.37442426674443e+02	-9.16945698842504e+00	-3.87399251100279e+02	2.51406708620379e+02
1.09388081197478e+04	1.37435849587746e+02	-9.27698941698895e+00	-3.94753802182268e+02	2.59038566945598e+02
1.10654735480282e+04	1.37429098353286e+02	-9.38580957978221e+00	-4.02206550332308e+02	2.66903375138942e+02
1.11936056928418e+04	1.37422168004564e+02	-9.49593360101791e+00	-4.09756712539045e+02	2.75007740509447e+02
1.13232215379654e+04	1.37415053421449e+02	-9.60737781909842e+00	-4.17403366769636e+02	2.83358424395088e+02
1.14543382638389e+04	1.37407749325411e+02	-9.72015878956282e+00	-4.25145446270428e+02	2.91962337735289e+02
1.15869732498425e+04	1.37400250274179e+02	-9.83429328696729e+00	-4.32981730644149e+02	3.00826549797353e+02
1.17211440765997e+04	1.37392550656793e+02	-9.94979830771861e+00	-4.40910838973662e+02	3.09958283042041e+02
1.18568685283083e+04	1.37384644687554e+02	-1.00666910728172e+01	-4.48931221386863e+02	3.19364916662905e+02
1.19941645950975e+04	1.37376526400644e+02	-1.01849890298803e+01	-4.57041151183761e+02	3.29053985306512e+02
1.21330504754121e+04	1.37368189644244e+02	-1.03047098566416e+01	-4.65238714783746e+02	3.39033184051851e+02
1.22735445784252e+04	1.37359628074362e+02	-1.04258714628602e+01	-4.73521804570544e+02	3.49310362707168e+02
1.24156655264779e+04	1.37350835148514e+02	-1.05484919933350e+01	-4.81888108363765e+02	3.59893530195932e+02
1.25594321575480e+04	1.37341804119621e+02	-1.06725898292112e+01	-4.90335101006966e+02	3.70790851335255e+02
1.27048635277466e+04	1.37332528028867e+02	-1.07981835921060e+01	-4.98860033094922e+02	3.82010650524414e+02
1.28519789138444e+04	1.37322999698992e+02	-1.09252921462216e+01	-5.07459922395634e+02	3.93561405463774e+02
1.30007978158264e+04	1.37313211727675e+02	-1.10539345985721e+01	-5.16131542530844e+02	4.05451749875288e+02
1.31513399594770e+04	1.37303156479345e+02	-1.11841303050804e+01	-5.24871412266678e+02	4.17690471575348e+02
1.33036252989941e+04	1.37292826078223e+02	-1.13158988699376e+01	-5.33675785466718e+02	4.30286509787413e+02
1.34576740196347e+04	1.37282212400834e+02	-1.14492601475935e+01	-5.42540638181625e+02	4.43248953512491e+02
1.36135065403896e+04	1.37271307067235e+02	-1.15842342481201e+01	-5.51461658826872e+02	4.56587038904786e+02
1.37711435166909e+04	1.37260101433275e+02	-1.17208415357599e+01	-5.60434234265185e+02	4.70310148156627e+02
1.39306058431489e+04	1.37248586582288e+02	-1.18591026327683e+01	-5.69453439683546e+02	4.84427802619286e+02
1.40919146563224e+04	1.37236753315775e+02	-1.19990384208802e+01	-5.78514024934872e+02	4.98949662123076e+02
1.42550913375196e+04	1.37224592145104e+02	-1.21406700428022e+01	-5.87610401647222e+02	5.13885519762127e+02
1.44201575156331e+04	1.37212093281343e+02	-1.22840189053069e+01	-5.96736630976850e+02	5.29245296631359e+02
1.45871350700059e+04	1.37199246627011e+02	-1.24291066787339e+01	-6.05886409002104e+02	5.45039037523238e+02
1.47560461333320e+04	1.37186041764948e+02	-1.25759552995360e+01	-6.15053054828775e+02	5.61276904692353e+02
1.49269130945899e+04	1.37172467949214e+02	-1.27245869728571e+01	-6.24229495276372e+02	5.77969170787871e+02
1.50997586020102e+04	1.37158514094129e+02	-1.28750241707923e+01	-6.33408251300639e+02	5.95126213556329e+02
1.52746055660777e+04	1.37144168764338e+02	-1.30272896358020e+01	-6.42581424484715e+02	6.12758505839492e+02
1.54514771625681e+04	1.37129420162711e+02	-1.31814063816403e+01	-6.51740680957698e+02	6.30876608722673e+02
1.56303968356199e+04	1.37114256120560e+02	-1.33373976922010e+01	-6.60877237839455e+02	6.49491162477398e+02
1.58113883008420e+04	1.37098664084692e+02	-1.34952871239957e+01	-6.69981847147697e+02	6.68612877692298e+02
1.59944755484571e+04	1.37082631106804e+02	-1.36550985047951e+01	-6.79044782136419e+02	6.88252522395878e+02
1.61796828464815e+04	1.37066143830319e+02	-1.38168559359922e+01	-6.88055821294512e+02	7.08420912470746e+02
1.63670347439420e+04	1.37049188478597e+02	-1.39805837894961e+01	-6.97004233185900e+02	7.29128898363524e+02
1.65565560741297e+04	1.37031750841691e+02	-1.41463067106364e+01	-7.05878760471194e+02	7.50387353390886e+02
1.67482719578915e+04	1.37013816263792e+02	-1.43140496139722e+01	-7.14667605229972e+02	7.72207158905134e+02
1.69422078069603e+04	1.36995369628840e+02	-1.44838376872812e+01	-7.23358412526478e+02	7.94599190342079e+02
1.71383893273226e+04	1.36976395348080e+02	-1.46556963846887e+01	-7.31938255679285e+02	8.17574299805339e+02
1.73368425226267e+04	1.36956877344747e+02	-1.48296514299921e+01	-7.40393620630822e+02	8.41143299949413e+02
1.75375936976285e+04	1.36936799040345e+02	-1.50057288120233e+01	-7.48710389042405e+02	8.65316949065763e+02
1.77406694616789e+04	1.36916143339661e+02	-1.51839547847109e+01	-7.56873825297320e+02	8.90105927075223e+02
1.79460967322504e+04	1.36894892615949e+02	-1.53643558615251e+01	-7.64868559446368e+02	9.15520819072884e+02
1.81539027385052e+04	1.36873028694757e+02	-1.55469588176981e+01	-7.72678574268205e+02	9.41572091419585e+02
1.83641150249044e+04	1.36850532839031e+02	-1.57317906816824e+01	-7.80287186494702e+02	9.68270076522960e+02
1.85767614548588e+04	1.36827385732661e+02	-1.59188787355493e+01	-7.87677037105604e+02	9.95624939286037e+02
1.87918702144224e+04	1.36803567464160e+02	-1.61082505075390e+01	-7.94830075783195e+02	1.02364665801580e+03
1.90094698160282e+04	1.36779057509330e+02	-1.62999337723838e+01	-8.01727544510206e+02	1.05234500170248e+03
1.92295891022678e+04	1.36753834715106e+02	-1.64939565417243e+01	-8.08349967291635e+02	1.08172949677744e+03
1.94522572497142e+04	1.36727877281501e+02	-1.66903470610958e+01	-8.14677137967998e+02	1.11180940075139e+03
1.96775037727890e+04	1.36701162743991e+02	-1.68891338043378e+01	-8.20688104742583e+02	1.14259367591137e+03
1.99053585276750e+04	1.36673667955664e+02	-1.70903454659304e+01	-8.26361163180996e+02	1.17409095226018e+03
2.01358517162731e+04	1.36645369068688e+02	-1.72940109548085e+01	-8.31673841670336e+02	1.20630950194130e+03
2.03690138902058e+04	1.36616241515602e+02	-1.75001593869443e+01	-8.36602893778049e+02	1.23925720050953e+03
2.06048759548667e+04	1.36586259990132e+02	-1.77088200780758e+01	-8.41124290712768e+02	1.27294149204940e+03
2.08434691735169e+04	1.36555398428596e+02	-1.79200225329105e+01	-8.45213208427367e+02	1.30736935957700e+03
2.10848251714293e+04	1.36523629990023e+02	-1.81337964365625e+01	-8.48844027525656e+02	1.34254727729295e+03
2.13289759400798e+04	1.36490927035451e+02	-1.83501716480374e+01	-8.51990322567786e+02	1.37848117829586e+03
2.15759538413885e+04	1.36457261109553e+02	-1.85691781835409e+01	-8.54624860430531e+02	1.41517641242655e+03
2.18257916120085e+04	1.36422602918883e+02	-1.87908462094046e+01	-8.56719595915986e+02	1.45263770483421e+03
2.20785223676658e+04	1.36386922311979e+02	-1.90152060294910e+01	-8.58245670963551e+02	1.49086911245399e+03
2.23341796075484e+04	1.36350188258545e+02	-1.92422880704983e+01	-8.59173416220465e+02	1.52987397673943e+03
2.25927972187463e+04	1.36312368828133e+02	-1.94721228706238e+01	-8.59472348359713e+02	1.56965488658728e+03
2.28544094807440e+04	1.36273431169016e+02	-1.97047410633022e+01	-8.59111180345241e+02	1.61021362113050e+03
2.31190510699632e+04	1.36233341487077e+02	-1.99401733642994e+01	-8.58057820972763e+02	1.65155110766920e+03
2.33867570643601e+04	1.36192065024118e+02	-2.01784505528067e+01	-8.56279385171835e+02	1.69366737141896e+03
2.36575629480742e+04	1.36149566036657e+02	-2.04196034549684e+01	-8.53742204631384e+02	1.73656148292692e+03
2.39315046161321e+04	1.36105807772820e+02	-2.06636629297722e+01	-8.50411836018792e+02	1.78023151207281e+03
2.42086183792052e+04	1.36060752452467e+02	-2.09106598436386e+01	-8.46253079751690e+02	1.82467446779080e+03
2.44889409684225e+04	1.36014361243631e+02	-2.11606250571517e+01	-8.41229993663652e+02	1.86988625094442e+03
2.47725095402398e+04	1.35966594240994e+02	-2.14135894011517e+01	-8.35305913770776e+02	1.91586159722146e+03
2.50593616813639e+04	1.35917410444322e+02	-2.16695836540415e+01	-8.28443475434300e+02	1.96259402456650e+03
2.53495354137355e+04	1.35866767736847e+02	-2.19286385211137e+01	-8.20604637898619e+02	2.01007577502931e+03
2.56430691995685e+04	1.35814622861465e+02	-2.21907846108648e+01	-8.11750715098597e+02	2.05829775981511e+03
2.59400019464483e+04	1.35760931401306e+02	-2.24560524079725e+01	-8.01842401249570e+02	2.10724950484713e+03
2.62403730124889e+04	1.35705647756258e+02	-2.27244722497000e+01	-7.90839812499595e+02	2.15691908774073e+03
2.65442222115497e+04	1.35648725122235e+02	-2.29960742972866e+01	-7.78702513275853e+02	2.20729309292784e+03
2.68515898185129e+04	1.35590115469507e+02	-2.32708885091892e+01	-7.65389569961981e+02	2.25835653902490e+03
2.71625165746219e+04	1.35529769521833e+02	-2.35489446096890e+01	-7.50859584885732e+02	2.31009283505250e+03
2.74770436928815e+04	1.35467636734279e+02	-2.38302720609455e+01	-7.35070746154140e+02	2.36248372200584e+03
2.77952128635205e+04	1.35403665274985e+02	-2.41149000283060e+01	-7.17980884574216e+02	2.41550920891734e+03
2.81170662595177e+04	1.35337802001586e+02	-2.44028573511278e+01	-6.99547520513363e+02	2.46914752974335e+03
2.84426465421924e+04	1.35269992444619e+02	-2.46941725048819e+01	-6.79727929891199e+02	2.52337507831839e+03
2.87719968668581e+04	1.35200180785421e+02	-2.49888735690598e+01	-6.58479200665601e+02	2.57816636482244e+03
2.91051608885439e+04	1.35128309838346e+02	-2.52869881876105e+01	-6.35758307504993e+02	2.63349395464915e+03
2.94421827677798e+04	1.35054321031892e+02	-2.55885435340208e+01	-6.11522172002855e+02	2.68932842855042e+03
2.97831071764508e+04	1.34978154390811e+02	-2.58935662688015e+01	-5.85727745282886e+02	2.74563832821128e+03
3.01279793037182e+04	1.34899748517544e+02	-2.62020825042961e+01	-5.58332083216193e+02	2.80239011091079e+03
3.04768448620088e+04	1.34819040578294e+02	-2.65141177558543e+01	-5.29292432744072e+02	2.85954810456298e+03
3.08297500930744e+04	1.34735966283054e+02	-2.68296969066909e+01	-4.98566311196796e+02	2.91707447179445e+03
3.11867417741213e+04	1.34650459874705e+02	-2.71488441552695e+01	-4.66111604121526e+02	2.97492916597768e+03
3.15478672240100e+04	1.34562454109980e+02	-2.74715829782420e+01	-4.31886656657522e+02	3.03306989872884e+03
3.19131743095278e+04	1.34471880248662e+02	-2.77979360777358e+01	-3.95850371399509e+02	3.09145210915328e+03
3.22827114517331e+04	1.34378668041615e+02	-2.81279253332378e+01	-3.57962312879081e+02	3.15002893239448e+03
3.26565276323740e+04	1.34282745715030e+02	-2.84615717574042e+01	-3.18182811827881e+02	3.20875117978936e+03
3.30346724003802e+04	1.34184039964898e+02	-2.87988954377706e+01	-2.76473072791168e+02	3.26756731822833e+03
3.34171958784311e+04	1.34082475942504e+02	-2.91399154897407e+01	-2.32795294114151e+02	3.32642345283914e+03
3.38041487695995e+04	1.33977977249910e+02	-2.94846500021843e+01	-1.87112778947242e+02	3.38526331744571e+03
3.41955823640719e+04	1.33870465929868e+02	-2.98331159806483e+01	-1.39390052869924e+02	3.44402827520699e+03
3.45915485459472e+04	1.33759862459785e+02	-3.01853292964960e+01	-8.95929922209270e+01	3.50265731261662e+03
3.49920998001141e+04	1.33646085749407e+02	-3.05413046225727e+01	-3.76889480960261e+01	3.56108704813978e+03
3.53972892192073e+04	1.33529053135073e+02	-3.09010553784768e+01	1.63531326632550e+01	3.61925175035199e+03
3.58071705106455e+04	1.33408680379503e+02	-3.12645936717783e+01	7.25625638507525e+01	3.67708334593775e+03
3.62217980037499e+04	1.33284881668795e+02	-3.16319302359656e+01	1.30966799203662e+02	3.73451145631350e+03
3.66412266569456e+04	1.33157569615814e+02	-3.20030743666808e+01	1.91591299014103e+02	3.79146342905222e+03
3.70655120650463e+04	1.33026655262907e+02	-3.23780338586743e+01	2.54459384144100e+02	3.84786437131569e+03
3.74947104666233e+04	1.32892048085139e+02	-3.27568149460521e+01	3.19592112880475e+02	3.90363720498170e+03
3.79288787514597e+04	1.32753655996315e+02	-3.31394222273109e+01	3.87008134553513e+02	3.95870271924690e+03
3.83680744680914e+04	1.32611385358399e+02	-3.35258586070170e+01	4.56723559564132e+02	4.01297963466116e+03
3.88123558314351e+04	1.32465140990149e+02	-3.39161252233722e+01	5.28751817276347e+02	4.06638467374349e+03
3.92617817305041e+04	1.32314826179751e+02	-3.43102213792883e+01	6.03103529029039e+02	4.11883264544306e+03
3.97164117362146e+04	1.32160342696822e+02	-3.47081444757459e+01	6.79786363456661e+02	4.17023652829884e+03
4.01763061092814e+04	1.32001590811396e+02	-3.51098899340167e+01	7.58804910704092e+02	4.22050757188722e+03
4.06415258082055e+04	1.31838469308910e+02	-3.55154511322987e+01	8.40160548789604e+02	4.26955540071688e+03
4.11121324973541e+04	1.31670875512668e+02	-3.59248193224960e+01	9.23851320778609e+02	4.31728813319393e+03
4.15881885551341e+04	1.31498705303311e+02	-3.63379835683515e+01	1.00987180290309e+03	4.36361250065139e+03
4.20697570822603e+04	1.31321853148745e+02	-3.67549306564059e+01	1.09821299579593e+03	4.40843398721292e+03
4.25569019101194e+04	1.31140212124970e+02	-3.71756450340446e+01	1.18886219836243e+03	4.45165696633649e+03
4.30496876092306e+04	1.30953673953564e+02	-3.76001087218506e+01	1.28180290323200e+03	4.49318485489258e+03
4.35481794978046e+04	1.30762129024434e+02	-3.80283012470247e+01	1.37701469569531e+03	4.53292027513286e+03
4.40524436504013e+04	1.30565466441464e+02	-3.84601995527904e+01	1.47447314604686e+03	4.57076521940529e+03
4.45625469066879e+04	1.30363574050672e+02	-3.88957779331385e+01	1.57414973427456e+03	4.60662123388485e+03
4.50785568802984e+04	1.30156338487586e+02	-3.93350079419104e+01	1.67601175622153e+03	4.64038960062622e+03
4.56005419677961e+04	1.29943645216715e+02	-3.97778583240986e+01	1.78002225200118e+03	4.67197153250174e+03
4.61285713577388e+04	1.29725378579751e+02	-4.02242949254363e+01	1.88613995283305e+03	4.70126838031872e+03
4.66627150398502e+04	1.29501421845135e+02	-4.06742806168140e+01	1.99431921296186e+03	4.72818183774146e+03
4.72030438142968e+04	1.29271657256423e+02	-4.11277752170481e+01	2.10450997617798e+03	4.75261416226044e+03
4.77496293010725e+04	1.29035966094495e+02	-4.15847354049313e+01	2.21665774316574e+03	4.77446839897621e+03
4.83025439494913e+04	1.28794228734496e+02	-4.20451146384645e+01	2.33070355289686e+03	4.79364861186203e+03
4.88618610477912e+04	1.28546324702397e+02	-4.25088630807741e+01	2.44658397746213e+03	4.81006012057228e+03
4.94276547328476e+04	1.28292132750453e+02	-4.29759275064230e+01	2.56423113429251e+03	4.82360974354792e+03
5.00000000000007e+04	1.28031530919479e+02	-4.34462512331253e+01	2.68357270282811e+03	4.83420604295191e+03
5.05789727129957e+04	1.27764396611951e+02	-4.39197740307974e+01	2.80453197019782e+03	4.84175957774217e+03
5.11646496140384e+04	1.27490606676224e+02	-4.43964320427788e+01	2.92702789054921e+03	4.84618315755678e+03
5.17571083339679e+04	1.27210037478540e+02	-4.48761577060905e+01	3.05097514900145e+03	4.84739209802833e+03
5.23564274025457e+04	1.26922564992049e+02	-4.53588796714470e+01	3.17628425552909e+03	4.84530447920189e+03
5.29626862588652e+04	1.26628064882135e+02	-4.58445227258027e+01	3.30286166104308e+03	4.83984140468667e+03
5.35759652618811e+04	1.26326412606147e+02	-4.63330077023217e+01	3.43060987970365e+03	4.83092725911033e+03
5.41963457010610e+04	1.26017483503251e+02	-4.68242514180815e+01	3.55942764535970e+03	4.81848996422110e+03
5.48239098071601e+04	1.25701152897428e+02	-4.73181665833740e+01	3.68921007618789e+03	4.80246123205876e+03
5.54587407631209e+04	1.25377296208236e+02	-4.78146617349836e+01	3.81984886906278e+03	4.78277681390551e+03
5.61009227150990e+04	1.25045789052561e+02	-4.83136411546373e+01	3.95123252485831e+03	4.75937674377012e+03
5.67505407836166e+04	1.24706507366435e+02	-4.88150048007823e+01	4.08324657342707e+03	4.73220557371535e+03
5.74076810748450e+04	1.24359327523590e+02	-4.93186482350142e+01	4.21577385450869e+03	4.70121260109597e+03
5.80724306920180e+04	1.24004126456992e+02	-4.98244625497124e+01	4.34869478810700e+03	4.66635208434251e+03
5.87448777469774e+04	1.23640781792806e+02	-5.03323343034304e+01	4.48188771411447e+03	4.62758344590394e+03
5.94251113718518e+04	1.23269171980928e+02	-5.08421454551283e+01	4.61522921668093e+03	4.58487146015624e+03
6.01132217308716e+04	1.22889176435106e+02	-5.13537733021905e+01	4.74859450722003e+03	4.53818642347464e+03
6.08093000323193e+04	1.22500675681696e+02	-5.18670904189133e+01	4.88185781685893e+03	4.48750430503783e+03
6.15134385406200e+04	1.22103551502150e+02	-5.23819645985073e+01	5.01489284408050e+03	4.43280687131724e+03
6.22257305885702e+04	1.21697687095458e+02	-5.28982588013786e+01	5.14757319572791e+03	4.37408178888842e+03
6.29462705897093e+04	1.21282967234196e+02	-5.34158311031058e+01	5.27977289870117e+03	4.31132269178652e+03
6.36751540508341e+04	1.20859278432744e+02	-5.39345346493439e+01	5.41136692779665e+03	4.24452921643516e+03
6.44124775846577e+04	1.20426509116296e+02	-5.44542176172113e+01	5.54223175486682e+03	4.17370699939497e+03
6.51583389226160e+04	1.19984549800628e+02	-5.49747231669732e+01	5.67224596295957e+03	4.09886762569622e+03
6.59128369278214e+04	1.19533293271432e+02	-5.54958894239358e+01	5.80129087319964e+03	4.02002853029641e+03
6.66760716081673e+04	1.19072634771935e+02	-5.60175494389589e+01	5.92925122097242e+03	3.93721283894580e+03
6.74481441295838e+04	1.18602472197765e+02	-5.65395311735855e+01	6.05601585910679e+03	3.85044914692759e+03
6.82291568294473e+04	1.18122706294672e+02	-5.70616574802149e+01	6.18147850985999e+03	3.75977121935301e+03
6.90192132301454e+04	1.17633240856137e+02	-5.75837460975724e+01	6.30553856767855e+03	3.66521760211757e+03
6.98184180527980e+04	1.17133982945448e+02	-5.81056096397901e+01	6.42810189087750e+03	3.56683115046465e+03
7.06268772311389e+04	1.16624843094193e+02	-5.86270556066928e+01	6.54908169218216e+03	3.46465842555084e+03
7.14446979255563e+04	1.16105735529081e+02	-5.91478863974838e+01	6.66839942748774e+03	3.35874897521941e+03
7.22719885372976e+04	1.15576578393465e+02	-5.96678993277892e+01	6.78598571596195e+03	3.24915446700181e+03
7.31088587228371e+04	1.15037293977766e+02	-6.01868866540603e+01	6.90178131126052e+03	3.13592764257589e+03
7.39554194084116e+04	1.14487808942155e+02	-6.07046356181288e+01	7.01573806305519e+03	3.01912108586567e+03
7.48117828047229e+04	1.13928054569513e+02	-6.12209284850596e+01	7.12781989409821e+03	2.89878576697389e+03
7.56780624218117e+04	1.13357966985076e+02	-6.17355426132625e+01	7.23800377766299e+03	2.77496931870552e+03
7.65543730841028e+04	1.12777487418166e+02	-6.22482505028831e+01	7.34628068179748e+03	2.64771401833700e+03
7.74408309456254e+04	1.12186562439215e+02	-6.27588198842939e+01	7.45265645750143e+03	2.51705442155360e+03
7.83375535054088e+04	1.11585144212073e+02	-6.32670138026841e+01	7.55715260911837e+03	2.38301461164925e+03
7.92446596230570e+04	1.10973190744682e+02	-6.37725907145943e+01	7.65980695115247e+03	2.24560497373785e+03
8.01622695345034e+04	1.10350666150412e+02	-6.42753046000411e+01	7.76067402562381e+03	2.10481846244736e+03
8.10905048679479e+04	1.09717540895485e+02	-6.47749050875407e+01	7.85982521197206e+03	1.96062627255712e+03
8.20294886599784e+04	1.09073792060571e+02	-6.52711375814174e+01	7.95734842183039e+03	1.81297283622081e+03
8.29793453718794e+04	1.08419403607312e+02	-6.57637434140662e+01	8.05334721282690e+03	1.66177007296340e+03
8.39402009061295e+04	1.07754366629318e+02	-6.62524600027534e+01	8.14793911842103e+03	1.50689081223070e+03
8.49121826230887e+04	1.07078679620389e+02	-6.67370210304207e+01	8.24125294557996e+03	1.34816132580433e+03
8.58954193578809e+04	1.06392348729182e+02	-6.72171566261826e+01	8.33342472378699e+03	1.18535291063267e+03
8.68900414374703e+04	1.05695388031970e+02	-6.76925935664852e+01	8.42459188043869e+03	1.01817253245271e+03
8.78961806979362e+04	1.04987819790952e+02	-6.81630554945656e+01	8.51488514012556e+03	8.46252585691897e+02
8.89139705019477e+04	1.04269674717379e+02	-6.86282631505897e+01	8.60441752932042e+03	6.69139928594350e+02
8.99435457564410e+04	1.03540992240587e+02	-6.90879346307576e+01	8.69326971288538e+03	4.86284550094290e+02
9.09850429305008e+04	1.02801820778889e+02	-6.95417856357158e+01	8.78147085027420e+03	2.97028364878934e+02
9.20386000734494e+04	1.02052217996251e+02	-6.99895297828835e+01	8.86897390465511e+03	1.00595119300255e+02
9.31043568331450e+04	1.01292251088962e+02	-7.04308789068098e+01	8.95562448121053e+03	-1.03917340564414e+02
9.41824544744917e+04	1.00521997045920e+02	-7.08655434032494e+01	9.04112215050906e+03	-3.17540419603319e+02
9.52730358981641e+04	9.97415429260127e+01	-7.12932326119742e+01	9.12497362031450e+03	-5.41431094522682e+02
9.63762456595485e+04	9.89509861264304e+01	-7.17136552273557e+01	9.20643759336562e+03	-7.76857592541848e+02
9.74922299879040e+04	9.81504346404883e+01	-7.21265197686487e+01	9.28446220869216e+03	-1.02516984410747e+03
9.86211368057445e+04	9.73400073014934e+01	-7.25315350963817e+01	9.35761768038593e+03	-1.28774932177373e+03
9.97631157484458e+04	9.65198339847517e+01	-7.29284110044975e+01	9.42402916540829e+03	-1.56593232735006e+03
1.00918318184080e+05	9.56900557590531e+01	-7.33168588725151e+01	9.48131825183242e+03	-1.86090118814377e+03
1.02086897233478e+05	9.48508249681077e+01	-7.36965923824875e+01	9.52656554548754e+03	-2.17353982762971e+03
1.03269007790528e+05	9.40023051857542e+01	-7.40673282928350e+01	9.55631090272365e+03	-2.50425426330323e+03
1.04464806542704e+05	9.31446710180011e+01	-7.44287872430206e+01	9.56661103630365e+03	-2.85276589596103e+03
1.05674451991834e+05	9.22781077534291e+01	-7.47806945220883e+01	9.55317430291563e+03	-3.21789557755032e+03
1.06898104475114e+05	9.14028108226961e+01	-7.51227807526564e+01	9.51158728758216e+03	-3.59736855719479e+03
1.08135926186353e+05	9.05189850871772e+01	-7.54547824033809e+01	9.43763529107071e+03	-3.98768166735765e+03
1.09388081197480e+05	8.96268440438921e+01	-7.57764420581794e+01	9.32769843060440e+03	-4.38407935172684e+03
1.10654735480284e+05	8.87266090485227e+01	-7.60875083698105e+01	9.17917993290675e+03	-4.78067971450104e+03
1.11936056928419e+05	8.78185086694807e+01	-7.63877357357328e+01	8.99090000544692e+03	-5.17077093082361e+03
1.13232215379655e+05	8.69027783576184e+01	-7.66768837386801e+01	8.76337733711217e+03	-5.54726390374960e+03
1.14543382638391e+05	8.59796604777626e+01	-7.69547165256372e+01	8.49892942582080e+03	-5.90324696969027e+03
1.15869732498426e+05	8.50494047466517e+01	-7.72210022919605e+01	8.20155470704437e+03	-6.23255606492992e+03
1.17211440765998e+05	8.41122689822422e+01	-7.74755130666980e+01	7.87660652617402e+03	-6.53026252626958e+03
1.18568685283085e+05	8.31685200102237e+01	-7.77180248777105e+01	7.53031588834309e+03	-6.79299756853984e+03
1.19941645950977e+05	8.22184345142646e+01	-7.79483183744358e+01	7.16925038520380e+03	-7.01907093127669e+03
1.21330504754123e+05	8.12622996843309e+01	-7.81661797856873e+01	6.79980119296819e+03	-7.20838880133689e+03
1.22735445784254e+05	8.03004135456267e+01	-7.83714020995355e+01	6.42777038130005e+03	-7.36221520883443e+03
1.24156655264781e+05	7.93330849333466e+01	-7.85637863132158e+01	6.05809731092949e+03	-7.48284195393209e+03
1.25594321575481e+05	7.83606331574574e+01	-7.87431426296606e+01	5.69472847871234e+03	-7.57323304627724e+03
1.27048635277468e+05	7.73833874128733e+01	-7.89092915127681e+01	5.34060966566850e+03	-7.63669560181882e+03
1.28519789138446e+05	7.64016860621956e+01	-7.90620645369378e+01	4.99776606674096e+03	-7.67660917206313e+03
1.30007978158266e+05	7.54158758084954e+01	-7.92013050745130e+01	4.66743425538622e+03	-7.69622598611274e+03
1.31513399594772e+05	7.44263108854511e+01	-7.93268688039225e+01	4.35021508307205e+03	-7.69854037506953e+03
1.33036252989943e+05	7.34333522396385e+01	-7.94386240861960e+01	4.04622524209323e+03	-7.68621694682582e+03
1.34576740196348e+05	7.24373667479853e+01	-7.95364522547067e+01	3.75523378781398e+03	-7.66156383002677e+03
1.36135065403898e+05	7.14387265184832e+01	-7.96202478107676e+01	3.47677693777281e+03	-7.62653739459185e+03
1.37711435166911e+05	7.04378081580629e+01	-7.96899186009411e+01	3.21024956215956e+03	-7.58276667343093e+03
1.39306058431491e+05	6.94349921444032e+01	-7.97453859342117e+01	2.95497468761005e+03	-7.53158853185855e+03
1.40919146563226e+05	6.84306621735218e+01	-7.97865846873909e+01	2.71025399991574e+03	-7.47408708196440e+03
1.42550913375198e+05	6.74252045459163e+01	-7.98134633909431e+01	2.47540278867066e+03	-7.41113313072909e+03
1.44201575156333e+05	6.64190075451030e+01	-7.98259842937883e+01	2.24977273824737e+03	-7.34342111128900e+03
1.45871350700061e+05	6.54124608421003e+01	-7.98241234041957e+01	2.03276550765608e+03	-7.27150220776614e+03
1.47560461333322e+05	6.44059548913954e+01	-7.98078705204112e+01	1.82383968981808e+03	-7.19581309365573e+03
1.49269130945901e+05	6.33998803224816e+01	-7.97772292337839e+01	1.62251301527969e+03	-7.11670034558804e+03
1.50997586020104e+05	6.23946273362990e+01	-7.97322169076309e+01	1.42836141204732e+03	-7.03444076197575e+03
1.52746055660779e+05	6.13905851071026e+01	-7.96728646329986e+01	1.24101599262643e+03	-6.94925804693624e+03
1.54514771625683e+05	6.03881411866399e+01	-7.95992171518533e+01	1.06015882993037e+03	-6.86133631240785e+03
1.56303968356201e+05	5.93876808813642e+01	-7.95113327622818e+01	8.85518072130708e+02	-6.77083088989233e+03
1.58113883008422e+05	5.83895866983209e+01	-7.94092831822160e+01	7.16862833521839e+02	-6.67787688067754e+03
1.59944755484573e+05	5.73942377100334e+01	-7.92931533928853e+01	5.53998099146556e+02	-6.58259583416522e+03
1.61796828464817e+05	5.64020090157289e+01	-7.91630414445512e+01	3.96759846733597e+02	-6.48510090084763e+03
1.63670347439422e+05	5.54132711494931e+01	-7.90190582422917e+01	2.45010457350367e+02	-6.38550073754208e+03
1.65565560741299e+05	5.44283895349785e+01	-7.88613272905661e+01	9.86345027210249e+01	-6.28390241011929e+03
1.67482719578917e+05	5.34477239287381e+01	-7.86899844208698e+01	-4.24650944128182e+01	-6.18041349020740e+03
1.69422078069605e+05	5.24716279097329e+01	-7.85051774803646e+01	-1.78370494507254e+02	-6.07514350846011e+03
1.71383893273229e+05	5.15004483749636e+01	-7.83070660042359e+01	-3.09152004249843e+02	-5.96820490053264e+03
1.73368425226269e+05	5.05345250299516e+01	-7.80958208535399e+01	-4.34870785677439e+02	-5.85971354825267e+03
1.75375936976288e+05	4.95741899499819e+01	-7.78716238306537e+01	-5.55581220457569e+02	-5.74978901072920e+03
1.77406694616791e+05	4.86197671245661e+01	-7.76346672825631e+01	-6.71332966382008e+02	-5.63855451154306e+03
1.79460967322506e+05	4.76715720385683e+01	-7.73851536646042e+01	-7.82172730553760e+02	-5.52613674068487e+03
1.81539027385055e+05	4.67299112948830e+01	-7.71232951006791e+01	-8.88145788516928e+02	-5.41266551976968e+03
1.83641150249046e+05	4.57950822240110e+01	-7.68493129146541e+01	-9.89297272200695e+02	-5.29827336142964e+03
1.85767614548590e+05	4.48673725756816e+01	-7.65634371596981e+01	-1.08567323768280e+03	-5.18309496549508e+03
1.87918702144226e+05	4.39470602046581e+01	-7.62659061184641e+01	-1.17732155811730e+03	-5.06726666157382e+03
1.90094698160285e+05	4.30344127710843e+01	-7.59569657973854e+01	-1.26429263726687e+03	-4.95092582623485e+03
1.92295891022681e+05	4.21296875153965e+01	-7.56368694207986e+01	-1.34663998685430e+03	-4.83421029122446e+03
1.94522572497144e+05	4.12331310379607e+01	-7.53058768986352e+01	-1.42442065884928e+03	-4.71725774993630e+03
1.96775037727893e+05	4.03449790874819e+01	-7.49642543055083e+01	-1.49769556747921e+03	-4.60020517496126e+03
1.99053585276753e+05	3.94654564350176e+01	-7.46122733468928e+01	-1.56652970288621e+03	-4.48318825725647e+03
2.01358517162734e+05	3.85947767169792e+01	-7.42502108229296e+01	-1.63099225714345e+03	-4.36634086687719e+03
2.03690138902061e+05	3.77331423510030e+01	-7.38783480979408e+01	-1.69115666463104e+03	-4.24979454627261e+03
2.06048759548670e+05	3.68807444561254e+01	-7.34969705649304e+01	-1.74710058229234e+03	-4.13367803434630e+03
2.08434691735172e+05	3.60377628231961e+01	-7.31063671186420e+01	-1.79890579921780e+03	-4.01811682987388e+03
2.10848251714296e+05	3.52043658962846e+01	-7.27068296343599e+01	-1.84665810491192e+03	-3.90323278857045e+03
2.13289759400801e+05	3.43807107765092e+01	-7.22986524455161e+01	-1.89044710379014e+03	-3.78914376214505e+03
2.15759538413887e+05	3.35669432765471e+01	-7.18821318397955e+01	-1.93036600342410e+03	-3.67596327336037e+03
2.18257916120088e+05	3.27631979789226e+01	-7.14575655615229e+01	-1.96651136364465e+03	-3.56380023469695e+03
2.20785223676661e+05	3.19695983260930e+01	-7.10252523188662e+01	-1.99898282993770e+03	-3.45275869994833e+03
2.23341796075487e+05	3.11862567347566e+01	-7.05854913169197e+01	-2.02788284160271e+03	-3.34293765881271e+03
2.25927972187466e+05	3.04132747326044e+01	-7.01385817906551e+01	-2.05331632899218e+03	-3.23443086530750e+03
2.28544094807443e+05	2.96507431020057e+01	-6.96848225561160e+01	-2.07539040080125e+03	-3.12732670249802e+03
2.31190510699635e+05	2.88987420835870e+01	-6.92245115915202e+01	-2.09421402680313e+03	-3.02170808225086e+03
2.33867570643604e+05	2.81573415346595e+01	-6.87579456073165e+01	-2.10989771557675e+03	-2.91765237486013e+03
2.36575629480746e+05	2.74266011610534e+01	-6.82854196554013e+01	-2.12255319553784e+03	-2.81523137181437e+03
2.39315046161325e+05	2.67065707506000e+01	-6.78072267570528e+01	-2.13229309817211e+03	-2.71451127778983e+03
2.42086183792055e+05	2.59972903861769e+01	-6.73236575249324e+01	-2.13923064950316e+03	-2.61555272404758e+03
2.44889409684229e+05	2.52987907220241e+01	-6.68349998320784e+01	-2.14347936500586e+03	-2.51841081506253e+03
2.47725095402401e+05	2.46110932441863e+01	-6.63415384862600e+01	-2.14515276126139e+03	-2.42313518955451e+03
2.50593616813642e+05	2.39342105385257e+01	-6.58435549212773e+01	-2.14436407200803e+03	-2.32977010863280e+03
2.53495354137358e+05	2.32681465788362e+01	-6.53413269129688e+01	-2.14122598065794e+03	-2.23835455937977e+03
2.56430691995688e+05	2.26128970266320e+01	-6.48351283179922e+01	-2.13585036575168e+03	-2.14892237826455e+03
2.59400019464487e+05	2.19684495093161e+01	-6.43252288161733e+01	-2.12834806087629e+03	-2.06150238373421e+03
2.62403730124892e+05	2.13347839401066e+01	-6.38118936914525e+01	-2.11882862890151e+03	-1.97611852929754e+03
2.65442222115500e+05	2.07118728254989e+01	-6.32953836242749e+01	-2.10740015249399e+03	-1.89279006412228e+03
2.68515898185133e+05	2.00996815605290e+01	-6.27759544917854e+01	-2.09416903932680e+03	-1.81153170231037e+03
2.71625165746223e+05	1.94981687540310e+01	-6.22538572045770e+01	-2.07923984384912e+03	-1.73235380311216e+03
2.74770436928819e+05	1.89072865360363e+01	-6.17293375500664e+01	-2.06271510514583e+03	-1.65526255566608e+03
2.77952128635208e+05	1.83269808719924e+01	-6.12026360580837e+01	-2.04469519928302e+03	-1.58026017014852e+03
2.81170662595181e+05	1.77571918699446e+01	-6.06739878784653e+01	-2.02527820819420e+03	-1.50734507034439e+03
2.84426465421928e+05	1.71978540916353e+01	-6.01436226807105e+01	-2.00455980229473e+03	-1.43651209285033e+03
2.87719968668585e+05	1.66488968633956e+01	-5.96117645684127e+01	-1.98263313972057e+03	-1.36775268211455e+03
2.91051608885443e+05	1.61102445696632e+01	-5.90786320054665e+01	-1.95958877735643e+03	-1.30105509103244e+03
2.94421827677802e+05	1.55818169583639e+01	-5.85444377612651e+01	-1.93551459773856e+03	-1.23640457596445e+03
2.97831071764512e+05	1.50635294348582e+01	-5.80093888722289e+01	-1.91049574730195e+03	-1.17378359532729e+03
3.01279793037186e+05	1.45552933441680e+01	-5.74736866069954e+01	-1.88461458802701e+03	-1.11317200017896e+03
3.04768448620092e+05	1.40570162575160e+01	-5.69375264516978e+01	-1.85795066035332e+03	-1.05454722544368e+03
3.08297500930749e+05	1.35686022549012e+01	-5.64010981182500e+01	-1.83058065861448e+03	-9.97884475636656e+02
3.11867417741217e+05	1.30899521747526e+01	-5.58645855330009e+01	-1.80257841399361e+03	-9.43156907506504e+02
3.15478672240104e+05	1.26209638967777e+01	-5.53281668719227e+01	-1.77401489064239e+03	-8.90335806073516e+02
3.19131743095282e+05	1.21615325858325e+01	-5.47920145860355e+01	-1.74495818929172e+03	-8.39390756100367e+02
3.22827114517336e+05	1.17115509362925e+01	-5.42562954343462e+01	-1.71547355836713e+03	-7.90289809299693e+02
3.26565276323744e+05	1.12709094204926e+01	-5.37211705424680e+01	-1.68562341542796e+03	-7.42999643071219e+02
3.30346724003806e+05	1.08394965070361e+01	-5.31867954490790e+01	-1.65546737314519e+03	-6.97485715120646e+02
3.34171958784316e+05	1.04171988913624e+01	-5.26533201748366e+01	-1.62506227356192e+03	-6.53712410677472e+02
3.38041487695999e+05	1.00039017061381e+01	-5.21208892923668e+01	-1.59446222721332e+03	-6.11643183656079e+02
3.41955823640723e+05	9.59948872783576e+00	-5.15896420069016e+01	-1.56371865856009e+03	-5.71240691926842e+02
3.45915485459477e+05	9.20384257207775e+00	-5.10597122331146e+01	-1.53288035493085e+03	-5.32466924176047e+02
3.49920998001145e+05	8.81684487777046e+00	-5.05312286847090e+01	-1.50199352018466e+03	-4.95283322339003e+02
3.53972892192078e+05	8.43837649970719e+00	-5.00043149787556e+01	-1.47110183307298e+03	-4.59650896409630e+02
3.58071705106460e+05	8.06831766634495e+00	-4.94790897209321e+01	-1.44024650693009e+03	-4.25530332249862e+02
3.62217980037504e+05	7.70654814485263e+00	-4.89556666063418e+01	-1.40946635299400e+03	-3.92882094774867e+02
3.66412266569461e+05	7.35294740349589e+00	-4.84341545347077e+01	-1.37879784667370e+03	-3.61666522901495e+02
3.70655120650468e+05	7.00739474991373e+00	-4.79146577099042e+01	-1.34827519445604e+03	-3.31843919384727e+02
3.74947104666237e+05	6.66976947376681e+00	-4.73972757508947e+01	-1.31793040306613e+03	-3.03374635282915e+02
3.79288787514602e+05	6.33995097572118e+00	-4.68821038051185e+01	-1.28779334961114e+03	-2.76219147180380e+02
3.83680744680919e+05	6.01781889021566e+00	-4.63692326592026e+01	-1.25789185226432e+03	-2.50338129363095e+02
3.88123558314356e+05	5.70325320325145e+00	-4.58587488581146e+01	-1.22825174210411e+03	-2.25692521891051e+02
3.92617817305046e+05	5.39613435653822e+00	-4.53507348138930e+01	-1.19889693422829e+03	-2.02243590420499e+02
3.97164117362151e+05	5.09634335377801e+00	-4.48452689298523e+01	-1.16984949992550e+03	-1.79952984330389e+02
4.01763061092819e+05	4.80376184977422e+00	-4.43424257087227e+01	-1.14112973749731e+03	-1.58782787405279e+02
4.06415258082060e+05	4.51827223825960e+00	-4.38422758701397e+01	-1.11275624334770e+03	-1.38695565490391e+02
4.11121324973546e+05	4.23975773966582e+00	-4.33448864771695e+01	-1.08474598280219e+03	-1.19654409196403e+02
4.15881885551346e+05	3.96810246450800e+00	-4.28503210307470e+01	-1.05711435810569e+03	-1.01622971582686e+02
4.20697570822609e+05	3.70319149071320e+00	-4.23586396025169e+01	-1.02987527816450e+03	-8.45655034787798e+01
4.25569019101199e+05	3.44491092546698e+00	-4.18698989438087e+01	-1.00304122543093e+03	-6.84468837064693e+01
4.30496876092312e+05	3.19314795773389e+00	-4.13841525896352e+01	-9.76623321469911e+02	-5.32326458032734e+01
4.35481794978052e+05	2.94779091472999e+00	-4.09014509789509e+01	-9.50631392339435e+02	-3.88890021574117e+01
4.40524436504019e+05	2.70872930648687e+00	-4.04218415595819e+01	-9.25074031457737e+02	-2.53828637876492e+01
4.45625469066885e+05	2.47585386787131e+00	-3.99453688954543e+01	-8.99958661585353e+02	-1.26818583766371e+01
4.50785568802990e+05	2.24905659741266e+00	-3.94720747774823e+01	-8.75291595089298e+02	-7.54344117688248e-01
4.56005419677967e+05	2.02823078734174e+00	-3.90019983200182e+01	-8.51078092224192e+02	1.04305782101217e+01
4.61285713577394e+05	1.81327105163322e+00	-3.85351760637247e+01	-8.27322418339643e+02	2.09030556354528e+01
4.66627150398508e+05	1.60407335442373e+00	-3.80716420848506e+01	-8.04027899330127e+02	3.06924763135298e+01
4.72030438142974e+05	1.40053502581208e+00	-3.76114280799208e+01	-7.81196974578166e+02	3.98274647299866e+01
4.77496293010731e+05	1.20255478198212e+00	-3.71545634724057e+01	-7.58831249402773e+02	4.83358786727732e+01
4.83025439494920e+05	1.01003273460657e+00	-3.67010754928602e+01	-7.36931544611681e+02	5.62448082400449e+01
4.88618610477919e+05	8.22870404711185e-01	-3.62509892819253e+01	-7.15497945125605e+02	6.35805769682932e+01
4.94276547328483e+05	6.40970727234020e-01	-3.58043279717577e+01	-6.94529846619277e+02	7.03687437564291e+01
5.00000000000014e+05	4.64238056569680e-01	-3.53611127746200e+01	-6.74026000152288e+02	7.66341071374183e+01
5.05789727129963e+05	2.92578166793749e-01	-3.49213630644082e+01	-6.53984555556060e+02	8.24007101570267e+01
5.11646496140391e+05	1.25898249496082e-01	-3.44850964560892e+01	-6.34403102764125e+02	8.76918469774164e+01
5.17571083339686e+05	-3.58930877776480e-02	-3.40523288881974e+01	-6.15278711707286e+02	9.25300703864820e+01
5.23564274025464e+05	-1.92885828516538e-01	-3.36230746969333e+01	-5.96607970482793e+02	9.69372003717305e+01
5.29626862588659e+05	-3.45168555909602e-01	-3.31973466864252e+01	-5.78387021783974e+02	1.00934333645888e+02
5.35759652618818e+05	-4.92828462397966e-01	-3.27751562019692e+01	-5.60611597956619e+02	1.04541853872464e+02
5.41963457010617e+05	-6.35951360441805e-01	-3.23565132007363e+01	-5.43277054419337e+02	1.07779442947517e+02
5.48239098071608e+05	-7.74621697296720e-01	-3.19414263141838e+01	-5.26378401622965e+02	1.10666092447404e+02
5.54587407631216e+05	-9.08922570445609e-01	-3.15299029089054e+01	-5.09910335176737e+02	1.13220116244033e+02
5.61009227150997e+05	-1.03893574147143e+00	-3.11219491544444e+01	-4.93867265145530e+02	1.15459163135626e+02
5.67505407836173e+05	-1.16474165610888e+00	-3.07175700780529e+01	-4.78243343527916e+02	1.17400230211469e+02
5.74076810748457e+05	-1.28641946188943e+00	-3.03167696201435e+01	-4.63032490394502e+02	1.19059676471793e+02
5.80724306920188e+05	-1.40404702826003e+00	-2.99195506879841e+01	-4.48228418749776e+02	1.20453236804824e+02
5.87448777469781e+05	-1.51770096696136e+00	-2.95259152110079e+01	-4.33824658285106e+02	1.21596036276477e+02
5.94251113718526e+05	-1.62745665502411e+00	-2.91358641813968e+01	-4.19814577437476e+02	1.22502604519658e+02
6.01132217308723e+05	-1.73338825457798e+00	-2.87493977124097e+01	-4.06191404934351e+02	1.23186890406626e+02
6.08093000323201e+05	-1.83556873764852e+00	-2.83665150749734e+01	-3.92948249395815e+02	1.23662276792379e+02
6.15134385406208e+05	-1.93406990981959e+00	-2.79872147389804e+01	-3.80078118308896e+02	1.23941595272256e+02
6.22257305885710e+05	-2.02896243172564e+00	-2.76114944259975e+01	-3.67573936051384e+02	1.24037141155254e+02
6.29462705897102e+05	-2.12031584666944e+00	-2.72393511289867e+01	-3.55428560085414e+02	1.23960688231442e+02
6.36751540508349e+05	-2.20819860296920e+00	-2.68707811634203e+01	-3.43634797225173e+02	1.23723503623398e+02
6.44124775846586e+05	-2.29267807881963e+00	-2.65057801950441e+01	-3.32185417954538e+02	1.23336362650200e+02
6.51583389226169e+05	-2.37382060760188e+00	-2.61443432765310e+01	-3.21073170603471e+02	1.22809563442164e+02
6.59128369278223e+05	-2.45169150305745e+00	-2.57864648707310e+01	-3.10290793915692e+02	1.22152941546454e+02
6.66760716081681e+05	-2.52635508394022e+00	-2.54321388857767e+01	-2.99831029432406e+02	1.21375884362471e+02
6.74481441295846e+05	-2.59787469789960e+00	-2.50813587028893e+01	-2.89686632566985e+02	1.20487345521434e+02
6.82291568294482e+05	-2.66631274777852e+00	-2.47341171952159e+01	-2.79850383104359e+02	1.19495858873461e+02
6.90192132301463e+05	-2.73173071509528e+00	-2.43904067540756e+01	-2.70315094848626e+02	1.18409552507886e+02
6.98184180527989e+05	-2.79418918453119e+00	-2.40502193121641e+01	-2.61073624713974e+02	1.17236162441141e+02
7.06268772311398e+05	-2.85374786727090e+00	-2.37135463674386e+01	-2.52118881051312e+02	1.15983046165811e+02
7.14446979255573e+05	-2.91046562541832e+00	-2.33803789931055e+01	-2.43443831153524e+02	1.14657195833741e+02
7.22719885372985e+05	-2.96440049523354e+00	-2.30507078579784e+01	-2.35041508352091e+02	1.13265251326620e+02
7.31088587228381e+05	-3.01560970832168e+00	-2.27245232491699e+01	-2.26905018513968e+02	1.11813513040280e+02
7.39554194084126e+05	-3.06414971612718e+00	-2.24018150739692e+01	-2.19027545772918e+02	1.10307954353607e+02
7.48117828047239e+05	-3.11007620913937e+00	-2.20825728889738e+01	-2.11402358048167e+02	1.08754233910189e+02
7.56780624218127e+05	-3.15344414005825e+00	-2.17667858965163e+01	-2.04022811683078e+02	1.07157707510150e+02
7.65543730841038e+05	-3.19430774321305e+00	-2.14544429654914e+01	-1.96882355874816e+02	1.05523439880297e+02
7.74408309456264e+05	-3.23272055471779e+00	-2.11455326378315e+01	-1.89974536560874e+02	1.03856216020113e+02
7.83375535054098e+05	-3.26873543172526e+00	-2.08400431354432e+01	-1.83292999825041e+02	1.02160552310924e+02
7.92446596230581e+05	-3.30240457069688e+00	-2.05379623733415e+01	-1.76831495001130e+02	1.00440707392776e+02
8.01622695345045e+05	-3.33377952572044e+00	-2.02392779578685e+01	-1.70583877242667e+02	9.87006926448742e+01
8.10905048679490e+05	-3.36291122509958e+00	-1.99439772015162e+01	-1.64544109943669e+02	9.69442824612949e+01
8.20294886599795e+05	-3.38984998787599e+00	-1.96520471222491e+01	-1.58706266551105e+02	9.51750242227984e+01
8.29793453718806e+05	-3.41464553964537e+00	-1.93634744485325e+01	-1.53064532288430e+02	9.33962479318716e+01
8.39402009061306e+05	-3.43734702688375e+00	-1.90782456216296e+01	-1.47613205419620e+02	9.16110755958590e+01
8.49121826230898e+05	-3.45800303142326e+00	-1.87963468036277e+01	-1.42346698383747e+02	8.98224303756878e+01
8.58954193578821e+05	-3.47666158323047e+00	-1.85177638729658e+01	-1.37259538472936e+02	8.80330453333268e+01
8.68900414374715e+05	-3.49337017319636e+00	-1.82424824290131e+01	-1.32346368424057e+02	8.62454720048635e+01
8.78961806979374e+05	-3.50817576453939e+00	-1.79704877955846e+01	-1.27601946739575e+02	8.44620886608825e+01
8.89139705019489e+05	-3.52112480347825e+00	-1.77017650158234e+01	-1.23021147701019e+02	8.26851082606263e+01
8.99435457564422e+05	-3.53226322937736e+00	-1.74362988566745e+01	-1.18598961328480e+02	8.09165861883678e+01
9.09850429305020e+05	-3.54163648411495e+00	-1.71740738077814e+01	-1.14330493062662e+02	7.91584277212766e+01
9.20386000734507e+05	-3.54928951986147e+00	-1.69150740806115e+01	-1.10210963288287e+02	7.74123951798782e+01
9.31043568331463e+05	-3.55526680733962e+00	-1.66592836078019e+01	-1.06235706718489e+02	7.56801149026806e+01
9.41824544744930e+05	-3.55961234217249e+00	-1.64066860421724e+01	-1.02400171610456e+02	7.39630839130444e+01
9.52730358981654e+05	-3.56236965104175e+00	-1.61572647569344e+01	-9.86999188869847e+01	7.22626763663272e+01
9.63762456595498e+05	-3.56358179697189e+00	-1.59110028413671e+01	-9.51306210791871e+01	7.05801497468543e+01
9.74922299879053e+05	-3.56329138395005e+00	-1.56678831033046e+01	-9.16880612207124e+01	6.89166508462165e+01
9.86211368057458e+05	-3.56154056053719e+00	-1.54278880655848e+01	-8.83681315747981e+01	6.72732214940619e+01
9.97631157484471e+05	-3.55837102319945e+00	-1.51909999653710e+01	-8.51668323366708e+01	6.56508040776800e+01
1.00918318184081e+06	-3.55382401865282e+00	-1.49572007538580e+01	-8.20802701985164e+01	6.40502468518068e+01
1.02086897233480e+06	-3.54794034549261e+00	-1.47264720930182e+01	-7.91046568676027e+01	6.24723090024983e+01
1.03269007790530e+06	-3.54076035562314e+00	-1.44987953565243e+01	-7.62363075166453e+01	6.09176655555138e+01
1.04464806542705e+06	-3.53232395457884e+00	-1.42741516289811e+01	-7.34716391641592e+01	5.93869120477304e+01
1.05674451991836e+06	-3.52267060151990e+00	-1.40525217041872e+01	-7.08071690230258e+01	5.78805690181122e+01
1.06898104475115e+06	-3.51183930878550e+00	-1.38338860857220e+01	-6.82395127820979e+01	5.63990863096599e+01
1.08135926186354e+06	-3.49986864068376e+00	-1.36182249870908e+01	-6.57653828737535e+01	5.49428471921604e+01
1.09388081197481e+06	-3.48679671169126e+00	-1.34055183302973e+01	-6.33815866675075e+01	5.35121722881168e+01
1.10654735480285e+06	-3.47266118500106e+00	-1.31957457490596e+01	-6.10850247121880e+01	5.21073233692123e+01
1.11936056928421e+06	-3.45749926937738e+00	-1.29888865875427e+01	-5.88726888627656e+01	5.07285069390481e+01
1.13232215379657e+06	-3.44134771670031e+00	-1.27849199017513e+01	-5.67416604602393e+01	4.93758776855995e+01
1.14543382638392e+06	-3.42424281861885e+00	-1.25838244615855e+01	-5.46891084732267e+01	4.80495417718551e+01
1.15869732498428e+06	-3.40622040322470e+00	-1.23855787545204e+01	-5.27122876373234e+01	4.67495599820860e+01
1.17211440766000e+06	-3.38731583104668e+00	-1.21901609851974e+01	-5.08085365786929e+01	4.54759507116884e+01
1.18568685283087e+06	-3.36756399084668e+00	-1.19975490789844e+01	-4.89752759422814e+01	4.42286928169518e+01
1.19941645950978e+06	-3.34699929576672e+00	-1.18077206864135e+01	-4.72100065350629e+01	4.30077283545425e+01
1.21330504754125e+06	-3.32565567865386e+00	-1.16206531867645e+01	-4.55103074602351e+01	4.18129651679153e+01
1.22735445784256e+06	-3.30356658723283e+00	-1.14363236896843e+01	-4.38738342537222e+01	4.06442793461602e+01
1.24156655264783e+06	-3.28076498020472e+00	-1.12547090450029e+01	-4.22983170671705e+01	3.95015176023893e+01
1.25594321575483e+06	-3.25728332132019e+00	-1.10757858408850e+01	-4.07815587974198e+01	3.83844994678025e+01
1.27048635277469e+06	-3.23315357557091e+00	-1.08995304149506e+01	-3.93214333094921e+01	3.72930194475065e+01
1.28519789138447e+06	-3.20840720363136e+00	-1.07259188562789e+01	-3.79158836143144e+01	3.62268490168328e+01
1.30007978158268e+06	-3.18307515779349e+00	-1.05549270153840e+01	-3.65629201056274e+01	3.51857385521622e+01
1.31513399594773e+06	-3.15718787665298e+00	-1.03865305081722e+01	-3.52606187884146e+01	3.41694191342918e+01
1.33036252989945e+06	-3.13077528043518e+00	-1.02207047226490e+01	-3.40071195463751e+01	3.31776042671091e+01
1.34576740196350e+06	-3.10386676705369e+00	-1.00574248300120e+01	-3.28006244334525e+01	3.22099915234354e+01
1.36135065403900e+06	-3.07649120712259e+00	-9.89666578883272e+00	-3.16393959774061e+01	3.12662640761242e+01
1.37711435166913e+06	-3.04867693998108e+00	-9.73840235551021e+00	-3.05217555161758e+01	3.03460921601826e+01
1.39306058431493e+06	-3.02045176949869e+00	-9.58260909147466e+00	-2.94460815590406e+01	2.94491344537579e+01
1.40919146563227e+06	-2.99184296058244e+00	-9.42926037412205e+00	-2.84108081802552e+01	2.85750393849628e+01
1.42550913375200e+06	-2.96287723532770e+00	-9.27833040455889e+00	-2.74144234266899e+01	2.77234463587154e+01
1.44201575156335e+06	-2.93358076981703e+00	-9.12979321797276e+00	-2.64554677678868e+01	2.68939869181690e+01
1.45871350700063e+06	-2.90397919089597e+00	-8.98362269239326e+00	-2.55325325625670e+01	2.60862858330825e+01
1.47560461333324e+06	-2.87409757414434e+00	-8.83979256221856e+00	-2.46442585725897e+01	2.52999621431402e+01
1.49269130945903e+06	-2.84396044058957e+00	-8.69827642463096e+00	-2.37893344770574e+01	2.45346301062976e+01
1.50997586020106e+06	-2.81359175513589e+00	-8.55904775252723e+00	-2.29664954424512e+01	2.37899001187515e+01
1.52746055660781e+06	-2.78301492485985e+00	-8.42207990551068e+00	-2.21745217109875e+01	2.30653795648778e+01
1.54514771625685e+06	-2.75225279749719e+00	-8.28734613997515e+00	-2.14122372200174e+01	2.23606736160832e+01
1.56303968356203e+06	-2.72132766060761e+00	-8.15481962142142e+00	-2.06785082511763e+01	2.16753859785666e+01
1.58113883008424e+06	-2.69026124091507e+00	-8.02447343540006e+00	-1.99722421097337e+01	2.10091195909107e+01
1.59944755484575e+06	-2.65907470393803e+00	-7.89628059836310e+00	-1.92923858325590e+01	2.03614772759052e+01
1.61796828464820e+06	-2.62778865443672e+00	-7.77021407054412e+00	-1.86379249294087e+01	1.97320623495808e+01
1.63670347439425e+06	-2.59642313680065e+00	-7.64624676645104e+00	-1.80078821512547e+01	1.91204791870325e+01
1.65565560741301e+06	-2.56499763616151e+00	-7.52435156780059e+00	-1.74013162860105e+01	1.85263337455397e+01
1.67482719578920e+06	-2.53353107961109e+00	-7.40450133414129e+00	-1.68173209873273e+01	1.79492340510445e+01
1.69422078069607e+06	-2.50204183797089e+00	-7.28666891457714e+00	-1.62550236308646e+01	1.73887906488220e+01
1.71383893273231e+06	-2.47054772834337e+00	-7.17082716129547e+00	-1.57135842006464e+01	1.68446170212431e+01
1.73368425226272e+06	-2.43906601597036e+00	-7.05694893811981e+00	-1.51921941979706e+01	1.63163299624332e+01
1.75375936976290e+06	-2.40761341781441e+00	-6.94500713478445e+00	-1.46900755877583e+01	1.58035499358155e+01
1.77406694616794e+06	-2.37620610588911e+00	-6.83497467797075e+00	-1.42064797697216e+01	1.53059013957739e+01
1.79460967322509e+06	-2.34485971038794e+00	-6.72682454095958e+00	-1.37406865669012e+01	1.48230130705790e+01
1.81539027385057e+06	-2.31358932457949e+00	-6.62052975737789e+00	-1.32920032603572e+01	1.43545182402222e+01
1.83641150249049e+06	-2.28240950864950e+00	-6.51606343035127e+00	-1.28597636325046e+01	1.39000549669865e+01
1.85767614548593e+06	-2.25133429476344e+00	-6.41339874424401e+00	-1.24433270474594e+01	1.34592663154716e+01
1.87918702144229e+06	-2.22037719240816e+00	-6.31250897587254e+00	-1.20420775567060e+01	1.30318005478182e+01
1.90094698160287e+06	-2.18955119361724e+00	-6.21336750443723e+00	-1.16554230241870e+01	1.26173112914074e+01
1.92295891022684e+06	-2.15886877886292e+00	-6.11594782179631e+00	-1.12827942825088e+01	1.22154576917415e+01
1.94522572497147e+06	-2.12834192333552e+00	-6.02022354335525e+00	-1.09236443122354e+01	1.18259045457948e+01
1.96775037727896e+06	-2.09798210322963e+00	-5.92616841727489e+00	-1.05774474444487e+01	1.14483224144850e+01
1.99053585276756e+06	-2.06780030253582e+00	-5.83375633449339e+00	-1.02436985877185e+01	1.10823877200741e+01
2.01358517162737e+06	-2.03780701999773e+00	-5.74296133792583e+00	-9.92191247913799e+00	1.07277828274112e+01
2.03690138902064e+06	-2.00801227634285e+00	-5.65375763156932e+00	-9.61162295720982e+00	1.03841961089147e+01
2.06048759548672e+06	-1.97842562186064e+00	-5.56611958957291e+00	-9.31238225844870e+00	1.00513219973283e+01
2.08434691735175e+06	-1.94905614399868e+00	-5.48002176450421e+00	-9.02376033410851e+00	9.72886102270996e+00
2.10848251714299e+06	-1.91991247542887e+00	-5.39543889593541e+00	-8.74534419108619e+00	9.41651983999154e+00
2.13289759400804e+06	-1.89100280201630e+00	-5.31234591787833e+00	-8.47673725152155e+00	9.11401124197292e+00
2.15759538413890e+06	-1.86233487123305e+00	-5.23071796679514e+00	-8.21755873426240e+00	8.82105416351805e+00
2.18257916120091e+06	-1.83391600064019e+00	-5.15053038890228e+00	-7.96744305663425e+00	8.53737367508455e+00
2.20785223676664e+06	-1.80575308651967e+00	-5.07175874723549e+00	-7.72603925508261e+00	8.26270096681441e+00
2.23341796075490e+06	-1.77785261239886e+00	-4.99437882750462e+00	-7.49301042430799e+00	7.99677332213639e+00
2.25927972187469e+06	-1.75022065833621e+00	-4.91836664571812e+00	-7.26803317889365e+00	7.73933408820731e+00
2.28544094807446e+06	-1.72286290959193e+00	-4.84369845322857e+00	-7.05079712837834e+00	7.49013263328736e+00
2.31190510699639e+06	-1.69578466578311e+00	-4.77035074261977e+00	-6.84100437302221e+00	7.24892430004389e+00
2.33867570643608e+06	-1.66899085031552e+00	-4.69830025393638e+00	-6.63836901816078e+00	7.01547035477327e+00
2.36575629480749e+06	-1.64248601914273e+00	-4.62752397829030e+00	-6.44261670057793e+00	6.78953792448426e+00
2.39315046161328e+06	-1.61627437015116e+00	-4.55799916287794e+00	-6.25348413570915e+00	6.57089993390744e+00
2.42086183792059e+06	-1.59035975293652e+00	-4.48970331690378e+00	-6.07071868184644e+00	6.35933503910276e+00
2.44889409684232e+06	-1.56474567753485e+00	-4.42261421369763e+00	-5.89407791487618e+00	6.15462755044692e+00
2.47725095402404e+06	-1.53943532406765e+00	-4.35670989547978e+00	-5.72332922243043e+00	5.95656735717416e+00
2.50593616813645e+06	-1.51443155193784e+00	-4.29196867631929e+00	-5.55824941094486e+00	5.76494984551086e+00
2.53495354137362e+06	-1.48973690930157e+00	-4.22836914578011e+00	-5.39862432798760e+00	5.57957581574402e+00
2.56430691995692e+06	-1.46535364230010e+00	-4.16589017145076e+00	-5.24424849811667e+00	5.40025139551488e+00
2.59400019464490e+06	-1.44128370430989e+00	-4.10451090153305e+00	-5.09492477170134e+00	5.22678795003558e+00
2.62403730124896e+06	-1.41752876515745e+00	-4.04421076696976e+00	-4.95046398769432e+00	5.05900199190489e+00
2.65442222115504e+06	-1.39409022020660e+00	-3.98496948331831e+00	-4.81068464771135e+00	4.89671508673926e+00
2.68515898185136e+06	-1.37096919969444e+00	-3.92676705303463e+00	-4.67541260517908e+00	4.73975376119923e+00
2.71625165746227e+06	-1.34816657743116e+00	-3.86958376596984e+00	-4.54448076270205e+00	4.58794940504990e+00
2.74770436928823e+06	-1.32568297993066e+00	-3.81340020111712e+00	-4.41772878379226e+00	4.44113817595245e+00
2.77952128635212e+06	-1.30351879522677e+00	-3.75819722738125e+00	-4.29500281477529e+00	4.29916090224661e+00
2.81170662595185e+06	-1.28167418155572e+00	-3.70395600403846e+00	-4.17615521719466e+00	4.16186298466629e+00
2.84426465421931e+06	-1.26014907600379e+00	-3.65065798116636e+00	-4.06104431094209e+00	4.02909429863088e+00
2.87719968668589e+06	-1.23894320303893e+00	-3.59828489979586e+00	-3.94953412784021e+00	3.90070909611457e+00
2.91051608885447e+06	-1.21805608300974e+00	-3.54681879215435e+00	-3.84149417478667e+00	3.77656590812035e+00
2.94421827677806e+06	-1.19748704021710e+00	-3.49624198075299e+00	-3.73679920519125e+00	3.65652744573090e+00
2.97831071764517e+06	-1.17723521120326e+00	-3.44653707823866e+00	-3.63532900161279e+00	3.54046050390854e+00
3.01279793037190e+06	-1.15729955274028e+00	-3.39768698668535e+00	-3.53696816539959e+00	3.42823586412006e+00
3.04768448620096e+06	-1.13767884964465e+00	-3.34967489648779e+00	-3.44160591538936e+00	3.31972819800985e+00
3.08297500930753e+06	-1.11837172258036e+00	-3.30248428545184e+00	-3.34913589533219e+00	3.21481597258346e+00
3.11867417741222e+06	-1.09937663550484e+00	-3.25609891716812e+00	-3.25945598769393e+00	3.11338135477493e+00
3.15478672240109e+06	-1.08069190336650e+00	-3.21050284032833e+00	-3.17246813747529e+00	3.01531011950481e+00
3.19131743095287e+06	-1.06231569901515e+00	-3.16568038598571e+00	-3.08807818025524e+00	2.92049155563651e+00
3.22827114517340e+06	-1.04424606062749e+00	-3.12161616674589e+00	-3.00619568000491e+00	2.82881837577687e+00
3.26565276323749e+06	-1.02648089847066e+00	-3.07829507419588e+00	-2.92673377188092e+00	2.74018662579621e+00
3.30346724003811e+06	-1.00901800186810e+00	-3.03570227734982e+00	-2.84960901274151e+00	2.65449559666398e+00
3.34171958784320e+06	-9.91855045677442e-01	-2.99382321994713e+00	-2.77474123667450e+00	2.57164773641597e+00
3.38041487696004e+06	-9.74989596898289e-01	-2.95264361847937e+00	-2.70205341792877e+00	2.49154856489857e+00
3.41955823640728e+06	-9.58419120915694e-01	-2.91214945954264e+00	-2.63147153854089e+00	2.41410658888178e+00
3.45915485459482e+06	-9.42140987703751e-01	-2.87232699741597e+00	-2.56292446193893e+00	2.33923321945495e+00
3.49920998001150e+06	-9.26152477829674e-01	-2.83316275141650e+00	-2.49634381230981e+00	2.26684269045726e+00
3.53972892192083e+06	-9.10450788163922e-01	-2.79464350277113e+00	-2.43166385795275e+00	2.19685197832819e+00
3.58071705106465e+06	-8.95033037741293e-01	-2.75675629236420e+00	-2.36882140109427e+00	2.12918072447030e+00
3.62217980037509e+06	-8.79896273150952e-01	-2.71948841743643e+00	-2.30775567113314e+00	2.06375115809365e+00
3.66412266569466e+06	-8.65037473733139e-01	-2.68282742809518e+00	-2.24840822254988e+00	2.00048802070911e+00
3.70655120650473e+06	-8.50453557236504e-01	-2.64676112571467e+00	-2.19072283905960e+00	1.93931849424754e+00
3.74947104666243e+06	-8.36141384247988e-01	-2.61127755791869e+00	-2.13464543844493e+00	1.88017212709789e+00
3.79288787514607e+06	-8.22097763464808e-01	-2.57636501660880e+00	-2.08012398472417e+00	1.82298076546549e+00
3.83680744680925e+06	-8.08319456297675e-01	-2.54201203436361e+00	-2.02710840259938e+00	1.76767848425126e+00
3.88123558314361e+06	-7.94803181428347e-01	-2.50820738114913e+00	-1.97555049548827e+00	1.71420152004703e+00
3.92617817305052e+06	-7.81545619100457e-01	-2.47494006056768e+00	-1.92540386730547e+00	1.66248820545948e+00
3.97164117362157e+06	-7.68543415525564e-01	-2.44219930694429e+00	-1.87662384817976e+00	1.61247890593529e+00
4.01763061092825e+06	-7.55793187005209e-01	-2.40997458195461e+00	-1.82916742293108e+00	1.56411595747454e+00
4.06415258082066e+06	-7.43291523698845e-01	-2.37825557058001e+00	-1.78299316200530e+00	1.51734360543583e+00
4.11121324973552e+06	-7.31034993586740e-01	-2.34703217807019e+00	-1.73806115666502e+00	1.47210794607711e+00
4.15881885551352e+06	-7.19020146132467e-01	-2.31629452643722e+00	-1.69433295629373e+00	1.42835686883104e+00
4.20697570822614e+06	-7.07243515722157e-01	-2.28603295063549e+00	-1.65177150818355e+00	1.38604000027077e+00
4.25569019101205e+06	-6.95701625098632e-01	-2.25623799517314e+00	-1.61034110049314e+00	1.34510864953862e+00
4.30496876092318e+06	-6.84390988601926e-01	-2.22690041052608e+00	-1.57000730723544e+00	1.30551575534098e+00
4.35481794978058e+06	-6.73308115376179e-01	-2.19801114984945e+00	-1.53073693633381e+00	1.26721583461332e+00
4.40524436504025e+06	-6.62449512197714e-01	-2.16956136491187e+00	-1.49249797888604e+00	1.23016493201211e+00
4.45625469066891e+06	-6.51811686415432e-01	-2.14154240281281e+00	-1.45525956140564e+00	1.19432057120374e+00
4.50785568802997e+06	-6.41391148789654e-01	-2.11394580274915e+00	-1.41899190027281e+00	1.15964170789747e+00
4.56005419677973e+06	-6.31184415818913e-01	-2.08676329156680e+00	-1.38366625707263e+00	1.12608868302051e+00
4.61285713577400e+06	-6.21188012588799e-01	-2.05998678137185e+00	-1.34925489755318e+00	1.09362317904307e+00
4.66627150398515e+06	-6.11398474797053e-01	-2.03360836492444e+00	-1.31573105042535e+00	1.06220817544612e+00
4.72030438142981e+06	-6.01812351332998e-01	-2.00762031312518e+00	-1.28306887001639e+00	1.03180790765040e+00
4.77496293010738e+06	-5.92426206104938e-01	-1.98201507055638e+00	-1.25124339832507e+00	1.00238782517920e+00
4.83025439494927e+06	-5.83236620358065e-01	-1.95678525288232e+00	-1.22023053092757e+00	9.73914552748833e-01
4.88618610477925e+06	-5.74240194398336e-01	-1.93192364280320e+00	-1.19000698247666e+00	9.46355851176148e-01
4.94276547328490e+06	-5.65433549529394e-01	-1.90742318696209e+00	-1.16055025494819e+00	9.19680580389631e-01
5.00000000000000e+06	-5.56813329676543e-01	-1.88327699226857e+00	-1.13183860649670e+00	8.93858662969526e-01
