Freq.	V(v1)	V(v2)	V(v3)
5.00000000000000e+03	1.37652049619035e+02	-4.21753200047572e+00	-9.61489841109267e+01	2.96992311158774e+01	-6.56837788700586e+03	2.25485411260973e+03
5.05789727129949e+03	1.37650800547638e+02	-4.26651991387084e+00	-9.82545075705904e+01	3.07213379387745e+01	-6.71087278378457e+03	2.33239861850681e+03
5.11646496140377e+03	1.37649521302027e+02	-4.31608027479452e+00	-1.00402904081980e+02	3.17781049391306e+01	-6.85620341769876e+03	2.41256929782245e+03
5.17571083339672e+03	1.37648211129244e+02	-4.36621988729287e+00	-1.02594891856401e+02	3.28706772454853e+01	-7.00441387191569e+03	2.49545271034606e+03
5.23564274025450e+03	1.37646869256670e+02	-4.41694564011270e+00	-1.04831193320525e+02	3.40002360378771e+01	-7.15554827823755e+03	2.58113812914693e+03
5.29626862588645e+03	1.37645494891093e+02	-4.46826450768554e+00	-1.07112534685214e+02	3.51679995818204e+01	-7.30965077473205e+03	2.66971761685795e+03
5.35759652618803e+03	1.37644087218549e+02	-4.52018355136190e+00	-1.09439645531781e+02	3.63752243089470e+01	-7.46676546245078e+03	2.76128610467633e+03
5.41963457010602e+03	1.37642645403373e+02	-4.57270992041979e+00	-1.11813258226092e+02	3.76232058577767e+01	-7.62693636010966e+03	2.85594147237943e+03
5.48239098071593e+03	1.37641168587643e+02	-4.62585085383957e+00	-1.14234107410270e+02	3.89132801900414e+01	-7.79020735221819e+03	2.95378462947171e+03
5.54587407631201e+03	1.37639655890714e+02	-4.67961368073288e+00	-1.16702929362624e+02	4.02468246822924e+01	-7.95662213414444e+03	3.05491959693760e+03
5.61009227150982e+03	1.37638106408323e+02	-4.73400582198076e+00	-1.19220461602129e+02	4.16252593846132e+01	-8.12622417009230e+03	3.15945359994687e+03
5.67505407836158e+03	1.37636519212055e+02	-4.78903479209394e+00	-1.21787441962749e+02	4.30500480579110e+01	-8.29905661714114e+03	3.26749714552140e+03
5.74076810748442e+03	1.37634893348603e+02	-4.84470819907052e+00	-1.24404607959950e+02	4.45226994003818e+01	-8.47516226825154e+03	3.37916411361910e+03
5.80724306920172e+03	1.37633227839144e+02	-4.90103374716183e+00	-1.27072696151046e+02	4.60447683171953e+01	-8.65458348889575e+03	3.49457184937361e+03
5.87448777469765e+03	1.37631521678382e+02	-4.95801923731275e+00	-1.29792441295079e+02	4.76178571362296e+01	-8.83736214563233e+03	3.61384125369560e+03
5.94251113718510e+03	1.37629773833744e+02	-5.01567256925140e+00	-1.32564575471773e+02	4.92436168514260e+01	-9.02353953179949e+03	3.73709687624748e+03
6.01132217308707e+03	1.37627983244992e+02	-5.07400174202347e+00	-1.35389827132886e+02	5.09237483724396e+01	-9.21315628296816e+03	3.86446700654898e+03
6.08093000323185e+03	1.37626148822993e+02	-5.13301485594676e+00	-1.38268920440885e+02	5.26600039872364e+01	-9.40625231303058e+03	3.99608378142928e+03
6.15134385406191e+03	1.37624269449013e+02	-5.19272011373249e+00	-1.41202573905337e+02	5.44541884903050e+01	-9.60286670320047e+03	4.13208326852082e+03
6.22257305885693e+03	1.37622343973669e+02	-5.25312582237759e+00	-1.44191499490072e+02	5.63081606233551e+01	-9.80303762038462e+03	4.27260557162098e+03
6.29462705897084e+03	1.37620371216454e+02	-5.31424039455828e+00	-1.47236401623945e+02	5.82238345140111e+01	-1.00068022280908e+04	4.41779493583819e+03
6.36751540508332e+03	1.37618349964334e+02	-5.37607234891397e+00	-1.50337975764181e+02	6.02031809228900e+01	-1.02141965719178e+04	4.56779984103533e+03
6.44124775846568e+03	1.37616278970935e+02	-5.43863031368120e+00	-1.53496907430326e+02	6.22482288116200e+01	-1.04252554859884e+04	4.72277311435871e+03
6.51583389226151e+03	1.37614156955798e+02	-5.50192302631349e+00	-1.56713870563122e+02	6.43610665784951e+01	-1.06400124577322e+04	4.88287201999814e+03
6.59128369278205e+03	1.37611982602711e+02	-5.56595933644678e+00	-1.59989526522494e+02	6.65438437311142e+01	-1.08584995410137e+04	5.04825838418821e+03
6.66760716081663e+03	1.37609754559522e+02	-5.63074820644360e+00	-1.63324522385741e+02	6.87987721939807e+01	-1.10807472048757e+04	5.21909868526682e+03
6.74481441295828e+03	1.37607471436344e+02	-5.69629871355960e+00	-1.66719489370321e+02	7.11281277650644e+01	-1.13067842112552e+04	5.39556416498529e+03
6.82291568294463e+03	1.37605131804598e+02	-5.76262005145863e+00	-1.70175041428909e+02	7.35342517261887e+01	-1.15366374836592e+04	5.57783094130130e+03
6.90192132301444e+03	1.37602734195981e+02	-5.82972153170698e+00	-1.73691773387980e+02	7.60195522422652e+01	-1.17703319523035e+04	5.76608010944219e+03
6.98184180527970e+03	1.37600277101043e+02	-5.89761258613556e+00	-1.77270259323760e+02	7.85865059829982e+01	-1.20078904215870e+04	5.96049786299096e+03
7.06268772311379e+03	1.37597758968142e+02	-5.96630276754305e+00	-1.80911050600776e+02	8.12376595713225e+01	-1.22493333946393e+04	6.16127559223915e+03
7.14446979255553e+03	1.37595178201939e+02	-6.03580175207927e+00	-1.84614673772729e+02	8.39756310351811e+01	-1.24946789035502e+04	6.36860999054132e+03
7.22719885372965e+03	1.37592533162378e+02	-6.10611934072901e+00	-1.88381628849574e+02	8.68031115451961e+01	-1.27439423608371e+04	6.58270318071225e+03
7.31088587228361e+03	1.37589822162771e+02	-6.17726546174677e+00	-1.92212386863562e+02	8.97228667740016e+01	-1.29971363530605e+04	6.80376280802127e+03
7.39554194084105e+03	1.37587043468998e+02	-6.24925017127812e+00	-1.96107387823888e+02	9.27377385819540e+01	-1.32542704715267e+04	7.03200216321118e+03
7.48117828047218e+03	1.37584195297364e+02	-6.32208365660206e+00	-2.00067038146652e+02	9.58506464043965e+01	-1.35153510960137e+04	7.26764027831072e+03
7.56780624218106e+03	1.37581275813759e+02	-6.39577623679131e+00	-2.04091708299810e+02	9.90645888649744e+01	-1.37803811918794e+04	7.51090203783497e+03
7.65543730841017e+03	1.37578283131597e+02	-6.47033836511531e+00	-2.08181730469731e+02	1.02382645493408e+02	-1.40493601235015e+04	7.76201830715971e+03
7.74408309456243e+03	1.37575215310200e+02	-6.54578063152251e+00	-2.12337395223713e+02	1.05807977781007e+02	-1.43222833714134e+04	8.02122599602334e+03
7.83375535054077e+03	1.37572070353392e+02	-6.62211376352396e+00	-2.16558949356229e+02	1.09343831158092e+02	-1.45991423455397e+04	8.28876819935523e+03
7.92446596230559e+03	1.37568846207573e+02	-6.69934862888752e+00	-2.20846592480276e+02	1.12993536149480e+02	-1.48799241171448e+04	8.56489428050375e+03
8.01622695345023e+03	1.37565540759865e+02	-6.77749623737536e+00	-2.25200474362951e+02	1.16760510151239e+02	-1.51646111809843e+04	8.84985998817721e+03
8.10905048679467e+03	1.37562151836403e+02	-6.85656774299708e+00	-2.29620691383832e+02	1.20648258605417e+02	-1.54531811689157e+04	9.14392753645247e+03
8.20294886599772e+03	1.37558677200205e+02	-6.93657444624823e+00	-2.34107283198410e+02	1.24660376425001e+02	-1.57456065706892e+04	9.44736569875741e+03
8.29793453718783e+03	1.37555114549437e+02	-7.01752779523602e+00	-2.38660229493924e+02	1.28800549539872e+02	-1.60418544644094e+04	9.76044991392468e+03
8.39402009061283e+03	1.37551461515068e+02	-7.09943938931108e+00	-2.43279446293868e+02	1.33072556204019e+02	-1.63418862105888e+04	1.00834623711603e+04
8.49121826230875e+03	1.37547715658914e+02	-7.18232097977407e+00	-2.47964782028042e+02	1.37480268144694e+02	-1.66456571245956e+04	1.04166920798344e+04
8.58954193578797e+03	1.37543874471615e+02	-7.26618447270667e+00	-2.52716013698046e+02	1.42027651881348e+02	-1.69531161673413e+04	1.07604349603245e+04
8.68900414374690e+03	1.37539935369788e+02	-7.35104193176880e+00	-2.57532842984390e+02	1.46718770094557e+02	-1.72642056068863e+04	1.11149939216686e+04
8.78961806979349e+03	1.37535895694313e+02	-7.43690557898245e+00	-2.62414891656954e+02	1.51557782426784e+02	-1.75788606546475e+04	1.14806789127522e+04
8.89139705019464e+03	1.37531752707435e+02	-7.52378779857126e+00	-2.67361697296997e+02	1.56548946669975e+02	-1.78970091113574e+04	1.18578069947132e+04
8.99435457564397e+03	1.37527503590621e+02	-7.61170113825585e+00	-2.72372709051937e+02	1.61696620011509e+02	-1.82185710001913e+04	1.22467024076112e+04
9.09850429304995e+03	1.37523145441651e+02	-7.70065831140991e+00	-2.77447282358399e+02	1.67005259503519e+02	-1.85434581541464e+04	1.26476965959524e+04
9.20386000734481e+03	1.37518675272004e+02	-7.79067220065198e+00	-2.82584674380381e+02	1.72479423146874e+02	-1.88715738275953e+04	1.30611282651177e+04
9.31043568331437e+03	1.37514090004314e+02	-7.88175585846696e+00	-2.87784038720196e+02	1.78123770436564e+02	-1.92028122580085e+04	1.34873433951399e+04
9.41824544744904e+03	1.37509386469107e+02	-7.97392251144379e+00	-2.93044420538794e+02	1.83943063366271e+02	-1.95370582713170e+04	1.39266953023746e+04
9.52730358981627e+03	1.37504561402124e+02	-8.06718556101867e+00	-2.98364750261737e+02	1.89942166085994e+02	-1.98741867660545e+04	1.43795445817263e+04
9.63762456595472e+03	1.37499611441226e+02	-8.16155858669517e+00	-3.03743838956591e+02	1.96126046280343e+02	-2.02140623287986e+04	1.48462591912320e+04
9.74922299879026e+03	1.37494533123020e+02	-8.25705534917199e+00	-3.09180371759865e+02	2.02499774666988e+02	-2.05565386880403e+04	1.53272143743905e+04
9.86211368057431e+03	1.37489322879826e+02	-8.35368979114581e+00	-3.14672902053557e+02	2.09068525283458e+02	-2.09014582470299e+04	1.58227926625929e+04
9.97631157484444e+03	1.37483977035972e+02	-8.45147604173837e+00	-3.20219845220467e+02	2.15837575417499e+02	-2.12486515686748e+04	1.63333838369424e+04
1.00918318184078e+04	1.37478491804866e+02	-8.55042841690174e+00	-3.25819472417433e+02	2.22812305527050e+02	-2.15979368623129e+04	1.68593848901362e+04
1.02086897233477e+04	1.37472863284680e+02	-8.65056142481056e+00	-3.31469903353272e+02	2.29998198233851e+02	-2.19491193916033e+04	1.74011999090324e+04
1.03269007790527e+04	1.37467087454992e+02	-8.75188976501272e+00	-3.37169100422579e+02	2.37400838709467e+02	-2.23019909950803e+04	1.79592400792967e+04
1.04464806542702e+04	1.37461160172901e+02	-8.85442833400390e+00	-3.42914860690602e+02	2.45025912784825e+02	-2.26563294268560e+04	1.85339234916542e+04
1.05674451991833e+04	1.37455077169073e+02	-8.95819222549930e+00	-3.48704809235217e+02	2.52879206559623e+02	-2.30118978166887e+04	1.91256750821452e+04
1.06898104475112e+04	1.37448834043238e+02	-9.06319673508676e+00	-3.54536391463152e+02	2.60966604852326e+02	-2.33684440323113e+04	1.97349264626947e+04
1.08135926186352e+04	1.37442426260608e+02	-9.16945736084810e+00	-3.60406865585162e+02	2.69294089752804e+02	-2.37257000702695e+04	2.03621157748132e+04
1.09388081197478e+04	1.37435849146805e+02	-9.27698980742249e+00	-3.66313294780483e+02	2.77867738944575e+02	-2.40833814135400e+04	2.10076875135927e+04
1.10654735480282e+04	1.37429097883488e+02	-9.38580998897581e+00	-3.72252538703458e+02	2.86693723014147e+02	-2.44411863374923e+04	2.16720922710345e+04
1.11936056928418e+04	1.37422167504049e+02	-9.49593402974132e+00	-3.78221246168937e+02	2.95778304278021e+02	-2.47987953049239e+04	2.23557865996683e+04
1.13232215379654e+04	1.37415052888238e+02	-9.60737826814096e+00	-3.84215845768097e+02	3.05127832899926e+02	-2.51558702052367e+04	2.30592326591118e+04
1.14543382638389e+04	1.37407748757405e+02	-9.72015925973265e+00	-3.90232537555606e+02	3.14748744373196e+02	-2.55120536776918e+04	2.37828979736246e+04
1.15869732498425e+04	1.37400249669146e+02	-9.83429377909047e+00	-3.96267284412622e+02	3.24647556302629e+02	-2.58669683933325e+04	2.45272551209745e+04
1.17211440765997e+04	1.37392550012363e+02	-9.94979882263794e+00	-4.02315802835215e+02	3.34830864556088e+02	-2.62202163087803e+04	2.52927813787812e+04
1.18568685283083e+04	1.37384644001208e+02	-1.00666916113910e+01	-4.08373553586373e+02	3.45305338834050e+02	-2.65713779018507e+04	2.60799583217272e+04
1.19941645950975e+04	1.37376525669710e+02	-1.01849895929805e+01	-4.14435732706344e+02	3.56077718791197e+02	-2.69200114428769e+04	2.68892714681610e+04
1.21330504754121e+04	1.37368188865885e+02	-1.03047104451525e+01	-4.20497261557713e+02	3.67154808403887e+02	-2.72656521667640e+04	2.77212097596444e+04
1.22735445784252e+04	1.37359627245567e+02	-1.04258720776757e+01	-4.26552777473512e+02	3.78543471201258e+02	-2.76078115239389e+04	2.85762651424532e+04
1.24156655264779e+04	1.37350834266087e+02	-1.05484926353565e+01	-4.32596623533220e+02	3.90250623719143e+02	-2.79459763312414e+04	2.94549319709579e+04
1.25594321575480e+04	1.37341803180172e+02	-1.06725904993445e+01	-4.38622839048617e+02	4.02283229962948e+02	-2.82796080021674e+04	3.03577065175950e+04
1.27048635277466e+04	1.37332527028800e+02	-1.07981842912586e+01	-4.44625149267189e+02	4.14648294272825e+02	-2.86081416991575e+04	3.12850863340438e+04
1.28519789138444e+04	1.37322998634493e+02	-1.09252928752986e+01	-4.50596954731897e+02	4.27352853187025e+02	-2.89309854706802e+04	3.22375695410823e+04
1.30007978158264e+04	1.37313210594703e+02	-1.10539353584726e+01	-4.56531321589460e+02	4.40403968575604e+02	-2.92475194518150e+04	3.32156542105635e+04
1.31513399594770e+04	1.37303155273614e+02	-1.11841310966923e+01	-4.62420970829811e+02	4.53808718524118e+02	-2.95570949955607e+04	3.42198375816885e+04
1.33036252989941e+04	1.37292824795191e+02	-1.13158996941333e+01	-4.68258268287998e+02	4.67574189011739e+02	-2.98590338301994e+04	3.52506152982468e+04
1.34576740196347e+04	1.37282211035691e+02	-1.14492610052237e+01	-4.74035213130482e+02	4.81707462306638e+02	-3.01526271448981e+04	3.63084804283781e+04
1.36135065403896e+04	1.37271305614885e+02	-1.15842351400076e+01	-4.79743428595271e+02	4.96215609003957e+02	-3.04371348154334e+04	3.73939227510336e+04
1.37711435166909e+04	1.37260099888323e+02	-1.17208424626926e+01	-4.85374150573370e+02	5.11105675252709e+02	-3.07117844730459e+04	3.85074276451817e+04
1.39306058431489e+04	1.37248584939020e+02	-1.18591035954916e+01	-4.90918217464078e+02	5.26384671668481e+02	-3.09757706708240e+04	3.96494751248512e+04
1.40919146563224e+04	1.37236751568147e+02	-1.19990394200881e+01	-4.96366059676695e+02	5.42059560746695e+02	-3.12282540293565e+04	4.08205387562410e+04
1.42550913375196e+04	1.37224590286719e+02	-1.21406710791282e+01	-5.01707689248338e+02	5.58137243766262e+02	-3.14683603740878e+04	4.20210845018649e+04
1.44201575156331e+04	1.37212091305435e+02	-1.22840199793136e+01	-5.06932689659599e+02	5.74624546925125e+02	-3.16951799071283e+04	4.32515695358373e+04
1.45871350700059e+04	1.37199244526428e+02	-1.24291077909014e+01	-5.12030205407578e+02	5.91528205936672e+02	-3.19077663636770e+04	4.45124409265413e+04
1.47560461333320e+04	1.37186039532126e+02	-1.25759564502495e+01	-5.16988932648065e+02	6.08854851694352e+02	-3.21051362065006e+04	4.58041343494519e+04
1.49269130945899e+04	1.37172465576162e+02	-1.27245881623933e+01	-5.21797108873101e+02	6.26610992834646e+02	-3.22862678155336e+04	4.71270726330277e+04
1.50997586020102e+04	1.37158511572406e+02	-1.28750253993045e+01	-5.26442503709706e+02	6.44802998761538e+02	-3.24501007056808e+04	4.84816642623799e+04
1.52746055660777e+04	1.37144166085030e+02	-1.30272909033036e+01	-5.30912409897080e+02	6.63437082322573e+02	-3.25955347936122e+04	4.98683019014215e+04
1.54514771625681e+04	1.37129417316406e+02	-1.31814076879872e+01	-5.35193634046108e+02	6.82519279962200e+02	-3.27214296305982e+04	5.12873606683075e+04
1.56303968356199e+04	1.37114253097328e+02	-1.33373990370723e+01	-5.39272488448038e+02	7.02055432187547e+02	-3.28266037244245e+04	5.27391964589741e+04
1.58113883008420e+04	1.37098660874056e+02	-1.34952885068723e+01	-5.43134782899589e+02	7.22051162757491e+02	-3.29098338667512e+04	5.42241441568939e+04
1.59944755484571e+04	1.37082627697718e+02	-1.36550999249373e+01	-5.46765817254945e+02	7.42511857194295e+02	-3.29698545195045e+04	5.57425157936563e+04
1.61796828464815e+04	1.37066140211138e+02	-1.38168573924146e+01	-5.50150374370966e+02	7.63442640196036e+02	-3.30053572060126e+04	5.72945985611098e+04
1.63670347439420e+04	1.37049184637051e+02	-1.39805852809412e+01	-5.53272713584325e+02	7.84848351692201e+02	-3.30149899901942e+04	5.88806527896029e+04
1.65565560741297e+04	1.37031746764860e+02	-1.41463082355452e+01	-5.56116564920727e+02	8.06733522440459e+02	-3.29973569826090e+04	6.05009098308039e+04
1.67482719578915e+04	1.37013811938073e+02	-1.43140511704529e+01	-5.58665124173581e+02	8.29102348927335e+02	-3.29510179228870e+04	6.21555698890743e+04
1.69422078069603e+04	1.36995365039917e+02	-1.44838392730755e+01	-5.60901048372652e+02	8.51958666484640e+02	-3.28744877937401e+04	6.38447996962800e+04
1.71383893273226e+04	1.36976390480898e+02	-1.46556979971351e+01	-5.62806452368924e+02	8.75305921604549e+02	-3.27662365319345e+04	6.55687301265536e+04
1.73368425226267e+04	1.36956872183478e+02	-1.48296530659866e+01	-5.64362906331446e+02	8.99147144704507e+02	-3.26246888153056e+04	6.73274538666918e+04
1.75375936976285e+04	1.36936793568357e+02	-1.50057304679771e+01	-5.65551434028077e+02	9.23484919484107e+02	-3.24482238876336e+04	6.91210227190384e+04
1.77406694616789e+04	1.36916137539487e+02	-1.51839564565048e+01	-5.66352512263022e+02	9.48321353331956e+02	-3.22351755103794e+04	7.09494450719711e+04
1.79460967322504e+04	1.36894886469253e+02	-1.53643575444606e+01	-5.66746071384735e+02	9.73658045043562e+02	-3.19838319846323e+04	7.28126830916875e+04
1.81539027385052e+04	1.36873022182301e+02	-1.55469605064449e+01	-5.66711497149861e+02	9.99496055078492e+02	-3.16924362822230e+04	7.47106501424581e+04
1.83641150249044e+04	1.36850525940645e+02	-1.57317923702222e+01	-5.66227633626761e+02	1.02583586981338e+03	-3.13591862637656e+04	7.66432076666151e+04
1.85767614548588e+04	1.36827378427208e+02	-1.59188804171155e+01	-5.65272787448331e+02	1.05267736833769e+03	-3.09822350209086e+04	7.86101623230906e+04
1.87918702144224e+04	1.36803559729502e+02	-1.61082521745520e+01	-5.63824733857848e+02	1.08001978929667e+03	-3.05596913337105e+04	8.06112630561280e+04
1.90094698160282e+04	1.36779049322295e+02	-1.62999354163825e+01	-5.61860723734803e+02	1.10786169395930e+03	-3.00896202373727e+04	8.26461978912971e+04
1.92295891022678e+04	1.36753826051460e+02	-1.64939581532921e+01	-5.59357492550314e+02	1.13620092865075e+03	-2.95700437432976e+04	8.47145906490607e+04
1.94522572497142e+04	1.36727868115909e+02	-1.66903486297824e+01	-5.56291271059467e+02	1.16503458991782e+03	-2.89989416783877e+04	8.68159978518670e+04
1.96775037727890e+04	1.36701153049989e+02	-1.68891353185755e+01	-5.52637797401494e+02	1.19435898592950e+03	-2.83742526762140e+04	8.89499053624915e+04
1.99053585276750e+04	1.36673657705629e+02	-1.70903469129447e+01	-5.48372331505977e+02	1.22416959706538e+03	-2.76938753349571e+04	9.11157248972040e+04
2.01358517162731e+04	1.36645358233809e+02	-1.72940123205237e+01	-5.43469671033178e+02	1.25446103892104e+03	-2.69556695043851e+04	9.33127907358950e+04
2.03690138902058e+04	1.36616230065850e+02	-1.75001606558828e+01	-5.37904169561692e+02	1.28522702072271e+03	-2.61574577698238e+04	9.55403560270378e+04
2.06048759548667e+04	1.36586247894236e+02	-1.77088212332512e+01	-5.31649756774362e+02	1.31646030753574e+03	-2.52970270884657e+04	9.77975894261937e+04
2.08434691735169e+04	1.36555385654016e+02	-1.79200235557142e+01	-5.24679961049109e+02	1.34815267814890e+03	-2.43721306402634e+04	1.00083571330187e+05
2.10848251714293e+04	1.36523616502933e+02	-1.81337973066439e+01	-5.16967933977296e+02	1.38029488614550e+03	-2.33804898279833e+04	1.02397290362716e+05
2.13289759400798e+04	1.36490912800717e+02	-1.83501723431767e+01	-5.08486477341456e+02	1.41287661823752e+03	-2.23197964919474e+04	1.04737639596491e+05
2.15759538413885e+04	1.36457246090717e+02	-1.85691786795153e+01	-4.99208072833500e+02	1.44588645449599e+03	-2.11877153474053e+04	1.07103412965819e+05
2.18257916120085e+04	1.36422587078152e+02	-1.87908464798461e+01	-4.89104913761472e+02	1.47931182740756e+03	-1.99818865991939e+04	1.09493301518510e+05
2.20785223676658e+04	1.36386905610217e+02	-1.90152060457375e+01	-4.78148939721135e+02	1.51313898130023e+03	-1.86999287992743e+04	1.11905889669162e+05
2.23341796075484e+04	1.36350170655270e+02	-1.92422878014358e+01	-4.66311873876297e+02	1.54735293168023e+03	-1.73394419379202e+04	1.14339651480378e+05
2.25927972187463e+04	1.36312350281518e+02	-1.94721222825210e+01	-4.53565262608109e+02	1.58193742732793e+03	-1.58980107103594e+04	1.16792947019841e+05
2.28544094807440e+04	1.36273411635898e+02	-1.97047401196366e+01	-4.39880518205455e+02	1.61687491057964e+03	-1.43732080726276e+04	1.19264018711528e+05
2.31190510699632e+04	1.36233320922971e+02	-1.99401720255743e+01	-4.25228964766549e+02	1.65214647659709e+03	-1.27625990762942e+04	1.21750987480050e+05
2.33867570643601e+04	1.36192043383238e+02	-2.01784487763602e+01	-4.09581885789959e+02	1.68773183957763e+03	-1.10637448201308e+04	1.24251849406292e+05
2.36575629480742e+04	1.36149543271944e+02	-2.04196011947727e+01	-3.92910576118093e+02	1.72360929374427e+03	-9.27420680452644e+03	1.26764472020449e+05
2.39315046161321e+04	1.36105783835981e+02	-2.06636601362241e+01	-3.75186395662176e+02	1.75975567937613e+03	-7.39155143276422e+03	1.29286590849396e+05
2.42086183792052e+04	1.36060727294021e+02	-2.09106564633409e+01	-3.56380827297438e+02	1.79614634682475e+03	-5.41335489272447e+03	1.31815805984416e+05
2.44889409684225e+04	1.36014334812968e+02	-2.11606210326852e+01	-3.36465535650464e+02	1.83275512773310e+03	-3.33720810364695e+03	1.34349578894665e+05
2.47725095402398e+04	1.35966566486442e+02	-2.14135846708374e+01	-3.15412431827122e+02	1.86955430062382e+03	-1.16072219771504e+03	1.36885229044746e+05
2.50593616813639e+04	1.35917381313228e+02	-2.16695781516946e+01	-2.93193737902859e+02	1.90651456610990e+03	1.11846601612426e+03	1.39419931096382e+05
2.53495354137355e+04	1.35866737175670e+02	-2.19286321757870e+01	-2.69782058288793e+02	1.94360501481862e+03	3.50268794976228e+03	1.41950711518793e+05
2.56430691995685e+04	1.35814590815884e+02	-2.21907773465838e+01	-2.45150449111059e+02	1.98079310989908e+03	5.99423734150707e+03	1.44474446318826e+05
2.59400019464483e+04	1.35760897816344e+02	-2.24560441434612e+01	-2.19272495296689e+02	2.01804466001691e+03	8.59536361781061e+03	1.46987858063024e+05
2.62403730124889e+04	1.35705612576420e+02	-2.27244628980976e+01	-1.92122387431825e+02	2.05532380301437e+03	1.13082652916280e+04	1.49487513610954e+05
2.65442222115497e+04	1.35648688291666e+02	-2.29960637658562e+01	-1.63675003710498e+02	2.09259298793300e+03	1.41350828745739e+04	1.51969821739898e+05
2.68515898185129e+04	1.35590076932166e+02	-2.32708766990178e+01	-1.33905991112768e+02	2.12981296509134e+03	1.70778918164958e+04	1.54431031363989e+05
2.71625165746219e+04	1.35529729221691e+02	-2.35489314153797e+01	-1.02791854644406e+02	2.16694277273791e+03	2.01386947283387e+04	1.56867229422300e+05
2.74770436928815e+04	1.35467594615535e+02	-2.38302573703033e+01	-7.03100429947633e+01	2.20393973554432e+03	2.33194138940398e+04	1.59274339772457e+05
2.77952128635205e+04	1.35403621282304e+02	-2.41148837220155e+01	-3.64390426168066e+01	2.24075945800920e+03	2.66218829234426e+04	1.61648121443144e+05
2.81170662595177e+04	1.35337756080367e+02	-2.44028393024263e+01	-1.15846782166818e+00	2.27735583170740e+03	3.00478388352350e+04	1.63984168222925e+05
2.84426465421924e+04	1.35269944541279e+02	-2.46941525792261e+01	3.55508391344114e+01	2.31368103519745e+03	3.35989130663667e+04	1.66277907357927e+05
2.87719968668581e+04	1.35200130847716e+02	-2.49888516237896e+01	7.37067132679874e+01	2.34968554934736e+03	3.72766230099401e+04	1.68524599637863e+05
2.91051608885439e+04	1.35128257815715e+02	-2.52869640716084e+01	1.13325567404399e+02	2.38531817226010e+03	4.10823630168150e+04	1.70719339370907e+05
2.94421827677798e+04	1.35054266875830e+02	-2.55885170873699e+01	1.54422288197074e+02	2.42052603665266e+03	4.50173949091011e+04	1.72857054405981e+05
2.97831071764508e+04	1.34978098055275e+02	-2.58935373224423e+01	1.97010136710902e+02	2.45525463938308e+03	4.90828388702613e+04	1.74932507229078e+05
3.01279793037182e+04	1.34899689959394e+02	-2.62020508796844e+01	2.41100641729052e+02	2.48944786824063e+03	5.32796635763959e+04	1.76940295789446e+05
3.04768448620088e+04	1.34818979757763e+02	-2.65140832646207e+01	2.86703495078800e+02	2.52304803965958e+03	5.76086763698694e+04	1.78874855007643e+05
3.08297500930744e+04	1.34735903164261e+02	-2.68296593503050e+01	3.33826445749811e+02	2.55599593955931e+03	6.20705133404965e+04	1.80730458796746e+05
3.11867417741213e+04	1.34650394426196e+02	-2.71488033247088e+01	3.82475194296502e+02	2.58823087219001e+03	6.66656291834421e+04	1.82501222404191e+05
3.15478672240100e+04	1.34562386305318e+02	-2.74715386536695e+01	4.32653285234362e+02	2.61969071232182e+03	7.13942868107930e+04	1.84181105084682e+05
3.19131743095278e+04	1.34471810067049e+02	-2.77978880281872e+01	4.84362000517162e+02	2.65031196522657e+03	7.62565469566177e+04	1.85763913450886e+05
3.22827114517331e+04	1.34378595468558e+02	-2.81278733163211e+01	5.37600253243578e+02	2.68002983178313e+03	8.12522576272020e+04	1.87243305190311e+05
3.26565276323740e+04	1.34282670743051e+02	-2.84615155190138e+01	5.92364480998538e+02	2.70877828070870e+03	8.63810433378593e+04	1.88612793153823e+05
3.30346724003802e+04	1.34183962594284e+02	-2.87988347118199e+01	6.48648541269565e+02	2.73649012647393e+03	9.16422944329062e+04	1.89865750179824e+05
3.34171958784311e+04	1.34082396182106e+02	-2.91398499979136e+01	7.06443611589781e+02	2.76309711734093e+03	9.70351565426862e+04	1.90995414368011e+05
3.38041487695995e+04	1.33977895117984e+02	-2.94845794537119e+01	7.65738079859842e+02	2.78853002078143e+03	1.02558519104228e+05	1.91994894516116e+05
3.41955823640719e+04	1.33870381454964e+02	-2.98330400721111e+01	8.26517453245421e+02	2.81271872838137e+03	1.08211005199066e+05	1.92857176739374e+05
3.45915485459472e+04	1.33759775681683e+02	-3.01852477116568e+01	8.88764253933906e+02	2.83559235570376e+03	1.13990960098126e+05	1.93575130960754e+05
3.49920998001141e+04	1.33645996720100e+02	-3.05412170322426e+01	9.52457928132859e+02	2.85707935642217e+03	1.19896440710996e+05	1.94141518453821e+05
3.53972892192073e+04	1.33528961919797e+02	-3.09009614404196e+01	1.01757475383836e+03	2.87710764034024e+03	1.25925204592546e+05	1.94548999588145e+05
3.58071705106455e+04	1.33408587057819e+02	-3.12644930306557e+01	1.08408775024159e+03	2.89560469619082e+03	1.32074699022768e+05	1.94790142294268e+05
3.62217980037499e+04	1.33284786335711e+02	-3.16318225233275e+01	1.15196659537075e+03	2.91249772553185e+03	1.38342050333775e+05	1.94857431073154e+05
3.66412266569456e+04	1.33157472382961e+02	-3.20029592010062e+01	1.22117754857787e+03	2.92771378076573e+03	1.44724053460016e+05	1.94743276627541e+05
3.70655120650463e+04	1.33026556259760e+02	-3.23779108454651e+01	1.29168336922846e+03	2.94117990773129e+03	1.51217160842400e+05	1.94440025859434e+05
3.74947104666233e+04	1.32891947460284e+02	-3.27566836779869e+01	1.36344324975123e+03	2.95282329717504e+03	1.57817472275286e+05	1.93939972659609e+05
3.79288787514597e+04	1.32753553918756e+02	-3.31392822844599e+01	1.43641275181702e+03	2.96257144423161e+03	1.64520724511234e+05	1.93235369178433e+05
3.83680744680914e+04	1.32611282018917e+02	-3.35257095571267e+01	1.51054374414395e+03	2.97035230845746e+03	1.71322280993448e+05	1.92318437726944e+05
3.88123558314351e+04	1.32465036602693e+02	-3.39159666222209e+01	1.58578435121135e+03	2.97609448492979e+03	1.78217121712718e+05	1.91181383135238e+05
3.92617817305041e+04	1.32314720982875e+02	-3.43100527711206e+01	1.66207890495560e+03	2.97972737856219e+03	1.85199833289810e+05	1.89816405877994e+05
3.97164117362146e+04	1.32160236955154e+02	-3.47079653937875e+01	1.73936790803024e+03	2.98118138497101e+03	1.92264599470240e+05	1.88215715693373e+05
4.01763061092814e+04	1.32001484817142e+02	-3.51096999010780e+01	1.81758799767839e+03	2.98038807633034e+03	1.99405191148031e+05	1.86371545773216e+05
4.06415258082055e+04	1.31838363383390e+02	-3.55152496614694e+01	1.89667192345281e+03	2.97728039182588e+03	2.06614957376445e+05	1.84276167643406e+05
4.11121324973541e+04	1.31670770007875e+02	-3.59246059179358e+01	1.97654852882391e+03	2.97179283500157e+03	2.13886815899779e+05	1.81921906591983e+05
4.15881885551341e+04	1.31498600603496e+02	-3.63377577261832e+01	2.05714274326215e+03	2.96386167271451e+03	2.21213244454710e+05	1.79301157745555e+05
4.20697570822603e+04	1.31321749672015e+02	-3.67546918657134e+01	2.13837558276548e+03	2.95342514174692e+03	2.28586271881050e+05	1.76406402777825e+05
4.25569019101194e+04	1.31140110324904e+02	-3.71753927779813e+01	2.22016415501585e+03	2.94042365676813e+03	2.35997469353496e+05	1.73230227222786e+05
4.30496876092306e+04	1.30953574320834e+02	-3.75998424788625e+01	2.30242168140284e+03	2.92480002363973e+03	2.43437942411177e+05	1.69765338538675e+05
4.35481794978046e+04	1.30762032088427e+02	-3.80280204921912e+01	2.38505752342682e+03	2.90649965609083e+03	2.50898322723538e+05	1.66004584710797e+05
4.40524436504013e+04	1.30565372771899e+02	-3.84599037592879e+01	2.46797721762247e+03	2.88547079551208e+03	2.58368759979777e+05	1.61940973757506e+05
4.45625469066879e+04	1.30363484259210e+02	-3.88954665738279e+01	2.55108252410445e+03	2.86166473347011e+03	2.65838914396372e+05	1.57567693773961e+05
4.50785568802984e+04	1.30156253229415e+02	-3.93346804910543e+01	2.63427148631023e+03	2.83503603707972e+03	2.73297949311005e+05	1.52878133815363e+05
4.56005419677961e+04	1.29943565192116e+02	-3.97775142592080e+01	2.71743849210623e+03	2.80554277699943e+03	2.80734523397547e+05	1.47865905681700e+05
4.61285713577388e+04	1.29725304535625e+02	-4.02239337292508e+01	2.80047436277357e+03	2.77314675659919e+03	2.88136784503221e+05	1.42524866293279e+05
4.66627150398502e+04	1.29501354576497e+02	-4.06739017794158e+01	2.88326643133330e+03	2.73781374526003e+03	2.95492361656335e+05	1.36849141365394e+05
4.72030438142968e+04	1.29271597607837e+02	-4.11273782381112e+01	2.96569865422101e+03	2.69951370896296e+03	3.02788359524333e+05	1.30833149503038e+05
4.77496293010725e+04	1.29035914961462e+02	-4.15843197961064e+01	3.04765171739507e+03	2.65822104606592e+03	3.10011351309069e+05	1.24471627835124e+05
4.83025439494913e+04	1.28794187064765e+02	-4.20446799258994e+01	3.12900316092593e+03	2.61391482330997e+03	3.17147372475955e+05	1.17759658558455e+05
4.88618610477912e+04	1.28546293497210e+02	-4.25084088077671e+01	3.20962752104014e+03	2.56657900951426e+03	3.24181915347477e+05	1.10692696372180e+05
4.94276547328476e+04	1.28292113065708e+02	-4.29754532362103e+01	3.28939647448393e+03	2.51620271384129e+03	3.31099922885839e+05	1.03266597731456e+05
5.00000000000007e+04	1.28031523866792e+02	-4.34457565517969e+01	3.36817900065452e+03	2.46278042129036e+03	3.37885783333266e+05	9.54776511091871e+04
5.05789727129957e+04	1.27764403359631e+02	-4.39192585503400e+01	3.44584156119975e+03	2.40631222909441e+03	3.44523325226843e+05	8.73226087576732e+04
5.11646496140384e+04	1.27490628450133e+02	-4.43958954042422e+01	3.52224828277874e+03	2.34680408321396e+03	3.50995812347873e+05	7.87987204666976e+04
5.17571083339679e+04	1.27210075562842e+02	-4.48755995828694e+01	3.59726116493156e+03	2.28426801308609e+03	3.57285939465677e+05	6.99037686253908e+04
5.23564274025457e+04	1.26922620729837e+02	-4.53582997726762e+01	3.67074029423926e+03	2.21872236652668e+03	3.63375828432871e+05	6.06361055742475e+04
5.29626862588652e+04	1.26628139675934e+02	-4.58439207998568e+01	3.74254407713391e+03	2.15019204349254e+03	3.69247024452230e+05	5.09946930064162e+04
5.35759652618811e+04	1.26326507918281e+02	-4.63323835404126e+01	3.81252949003662e+03	2.07870872743268e+03	3.74880493812731e+05	4.09791435485072e+04
5.41963457010610e+04	1.26017600856079e+02	-4.68236048579465e+01	3.88055233928529e+03	2.00431111665892e+03	3.80256621466038e+05	3.05897651021366e+04
5.48239098071601e+04	1.25701293873442e+02	-4.73174975130429e+01	3.94646754868469e+03	1.92704515173412e+03	3.85355210153042e+05	1.98276076344808e+04
5.54587407631209e+04	1.25377462450014e+02	-4.78139700966207e+01	4.01012945110571e+03	1.84696424390207e+03	3.90155480320288e+05	8.69451344623736e+03
5.61009227150990e+04	1.25045982262594e+02	-4.83129269484432e+01	4.07139211580806e+03	1.76412949493796e+03	3.94636071893979e+05	-2.80683018504989e+03
5.67505407836166e+04	1.24706729306808e+02	-4.88142680889498e+01	4.13010968084109e+03	1.67860992007073e+03	3.98775046747879e+05	-1.46728338225957e+04
5.74076810748450e+04	1.24359580015540e+02	-4.93178891457272e+01	4.18613671390231e+03	1.59048266450224e+03	4.02549893839732e+05	-2.68989454805056e+04
5.80724306920180e+04	1.24004411380347e+02	-4.98236812811758e+01	4.23932859930216e+03	1.49983321227540e+03	4.05937536451122e+05	-3.94795863416917e+04
5.87448777469774e+04	1.23641101085304e+02	-5.03315311279282e+01	4.28954194048802e+03	1.40675559565735e+03	4.08914341831099e+05	-5.24080814418663e+04
5.94251113718518e+04	1.23269527637452e+02	-5.08413207230956e+01	4.33663499475222e+03	1.31135259499270e+03	4.11456134171409e+05	-6.56765860275132e+04
6.01132217308716e+04	1.22889570506830e+02	-5.13529274462971e+01	4.38046813552164e+03	1.21373592809875e+03	4.13538211634552e+05	-7.92760072498337e+04
6.08093000323193e+04	1.22501110275185e+02	-5.18662239581533e+01	4.42090433996534e+03	1.11402643825435e+03	4.15135367197173e+05	-9.31959196324180e+04
6.15134385406200e+04	1.22104028778419e+02	-5.23810781422943e+01	4.45780971655543e+03	1.01235426168777e+03	4.16221915234629e+05	-1.07424476130220e+05
6.22257305885702e+04	1.21698209269039e+02	-5.28973530536471e+01	4.49105405860122e+03	9.08858989611690e+02	4.16771723726630e+05	-1.21948312374386e+05
6.29462705897093e+04	1.21283536572239e+02	-5.34149068664281e+01	4.52051144000812e+03	8.03689811482273e+02	4.16758253632800e+05	-1.36752445393126e+05
6.36751540508341e+04	1.20859897254189e+02	-5.39335928290747e+01	4.54606084835350e+03	6.97005639940491e+02	4.16154606277372e+05	-1.51820165882749e+05
6.44124775846577e+04	1.20427179791175e+02	-5.44532592256780e+01	4.56758685997697e+03	5.88975213929248e+02	4.14933580162925e+05	-1.67132924346512e+05
6.51583389226160e+04	1.19985274749536e+02	-5.49737493277436e+01	4.58498036395932e+03	4.79777172217701e+02	4.13067738566185e+05	-1.82670211094207e+05
6.59128369278214e+04	1.19534074965235e+02	-5.54949013762026e+01	4.59813932574105e+03	3.69600103089968e+02	4.10529489171801e+05	-1.98409429399776e+05
6.66760716081673e+04	1.19073475731764e+02	-5.60165485420919e+01	4.60696961061685e+03	2.58642546991827e+02	4.07291178050561e+05	-2.14325763774415e+05
6.74481441295838e+04	1.18603374995377e+02	-5.65385189119206e+01	4.61138585300050e+03	1.47112961218635e+02	4.03325199406355e+05	-2.30392042335188e+05
6.82291568294473e+04	1.18123673553243e+02	-5.70606354681670e+01	4.61131238395508e+03	3.52296346559488e+01	3.98604123175864e+05	-2.46578594082346e+05
6.90192132301454e+04	1.17634275251568e+02	-5.75827160851837e+01	4.60668421644408e+03	-7.67794693893537e+01	3.93100843003811e+05	-2.62853103960857e+05
6.98184180527980e+04	1.17135087208250e+02	-5.81045735188399e+01	4.59744808568774e+03	-1.88676922856160e+02	3.86788746869067e+05	-2.79180463545683e+05
7.06268772311389e+04	1.16626020012045e+02	-5.86260154175450e+01	4.58356355173049e+03	-3.00216146957082e+02	3.79641912596822e+05	-2.95522623672763e+05
7.14446979255563e+04	1.16106987950114e+02	-5.91468443368663e+01	4.56500415532554e+03	-4.11141800800272e+02	3.71635331323185e+05	-3.11838446187118e+05
7.22719885372976e+04	1.15577909230356e+02	-5.96668577577485e+01	4.54175863250364e+03	-5.21190293286827e+02	3.62745161476976e+05	-3.28083562099402e+05
7.31088587228371e+04	1.15038706212686e+02	-6.01858481123868e+01	4.51383217916789e+03	-6.30090416666869e+02	3.52949015871029e+05	-3.44210236949510e+05
7.39554194084116e+04	1.14489305632604e+02	-6.07036028305930e+01	4.48124775944475e+03	-7.37564121661444e+02	3.42226284457557e+05	-3.60167248131611e+05
7.48117828047229e+04	1.13929638855043e+02	-6.12199043798720e+01	4.44404745065573e+03	-8.43327452003889e+02	3.30558495804133e+05	-3.75899778937775e+05
7.56780624218117e+04	1.13359642094866e+02	-6.17345303382398e+01	4.40229380965422e+03	-9.47091663638829e+02	3.17929718275703e+05	-3.91349335718492e+05
7.65543730841028e+04	1.12779256679349e+02	-6.22472534458832e+01	4.35607124896353e+03	-1.04856454254109e+03	3.04327003886024e+05	-4.06453694455898e+05
7.74408309456254e+04	1.12188429285780e+02	-6.27578416975739e+01	4.30548739554678e+03	-1.14745194309355e+03	2.89740874662250e+05	-4.21146884163773e+05
7.83375535054088e+04	1.11587112194057e+02	-6.32660584319245e+01	4.25067441152324e+03	-1.24345956986228e+03	2.74165852197059e+05	-4.35359216396954e+05
7.92446596230570e+04	1.10975263537247e+02	-6.37716624334578e+01	4.19179024305944e+03	-1.33629501839722e+03	2.57601028896742e+05	-4.49017370424331e+05
8.01622695345034e+04	1.10352847562196e+02	-6.42744080512226e+01	4.12901975907911e+03	-1.42567009466498e+03	2.40050678552525e+05	-4.62044544580598e+05
8.10905048679479e+04	1.09719834875420e+02	-6.47740453313865e+01	4.06257573738877e+03	-1.51130342097528e+03	2.21524901327758e+05	-4.74360685175900e+05
8.20294886599784e+04	1.09076202702047e+02	-6.52703201532923e+01	3.99269964478262e+03	-1.59292334814843e+03	2.02040296429591e+05	-4.85882805874116e+05
8.29793453718794e+04	1.08421935148208e+02	-6.57629743917284e+01	3.91966215410776e+03	-1.67027115844658e+03	1.81620653809884e+05	-4.96525408468328e+05
8.39402009061295e+04	1.07757023445976e+02	-6.62517460850469e+01	3.84376333224158e+03	-1.74310456778343e+03	1.60297651107070e+05	-5.06201018768833e+05
8.49121826230887e+04	1.07081466213013e+02	-6.67363696285855e+01	3.76533243245388e+03	-1.81120149064144e+03	1.38111542316755e+05	-5.14820847362105e+05
8.58954193578809e+04	1.06395269695484e+02	-6.72165759689874e+01	3.68472720942320e+03	-1.87436405790587e+03	1.15111816133615e+05	-5.22295587819778e+05
8.68900414374703e+04	1.05698448025022e+02	-6.76920928201442e+01	3.60233269184003e+03	-1.93242281308728e+03	9.13578046447324e+04	-5.28536357168230e+05
8.78961806979362e+04	1.04991023456225e+02	-6.81626448979609e+01	3.51855932461667e+03	-1.98524104137154e+03	6.69192126390902e+04	-5.33455785839241e+05
8.89139705019477e+04	1.04273026602811e+02	-6.86279541656032e+01	3.43384041966133e+03	-2.03271913076732e+03	4.18765394806874e+04	-5.36969255797904e+05
8.99435457564410e+04	1.03544496672223e+02	-6.90877401063701e+01	3.34862885099982e+03	-2.07479886155854e+03	1.63213610994654e+04	-5.38996281956910e+05
9.09850429305008e+04	1.02805481693279e+02	-6.95417199829083e+01	3.26339294513024e+03	-2.11146750557595e+03	-9.64356465885636e+03	-5.39462026116812e+05
9.20386000734494e+04	1.02056038719455e+02	-6.99896091549385e+01	3.17861154493017e+03	-2.14276156370906e+03	-3.59044022179824e+04	-5.38298921827586e+05
9.31043568331450e+04	1.01296234050858e+02	-7.04311213763779e+01	3.09476824720963e+03	-2.16876999761008e+03	-6.23365880524899e+04	-5.35448384167523e+05
9.41824544744917e+04	1.00526143417929e+02	-7.08659691231011e+01	3.01234484778652e+03	-2.18963676602899e+03	-8.88054572475923e+04	-5.30862565665519e+05
9.52730358981641e+04	9.97458521707169e+01	-7.12938639406912e+01	2.93181406927105e+03	-2.20556247931879e+03	-1.15167172904237e+05	-5.24506112646608e+05
9.63762456595485e+04	9.89554554496596e+01	-7.17145167941875e+01	2.85363168965692e+03	-2.21680499658424e+03	-1.41269977046139e+05	-5.16357866497382e+05
9.74922299879040e+04	9.81550583411563e+01	-7.21276384435469e+01	2.77822823504536e+03	-2.22367879019272e+03	-1.66955770502418e+05	-5.06412447218645e+05
9.86211368057445e+04	9.73447760229316e+01	-7.25329398225042e+01	2.70600044512409e+03	-2.22655294011596e+03	-1.92062017282908e+05	-4.94681651400550e+05
9.97631157484458e+04	9.65247338848127e+01	-7.29301324424225e+01	2.63730276697910e+03	-2.22584764510531e+03	-2.16423952330948e+05	-4.81195593545888e+05
1.00918318184080e+05	9.56950676359024e+01	-7.33189288002979e+01	2.57243916088595e+03	-2.22202920456641e+03	-2.39877056311989e+05	-4.66003521817695e+05
1.02086897233478e+05	9.48559234046443e+01	-7.36990427969487e+01	2.51165553380750e+03	-2.21560347255947e+03	-2.62259743244908e+05	-4.49174243816062e+05
1.03269007790528e+05	9.40074578068345e+01	-7.40701901693982e+01	2.45513311859798e+03	-2.20710786564121e+03	-2.83416190424758e+05	-4.30796108074035e+05
1.04464806542704e+05	9.31498379869777e+01	-7.44320889390826e+01	2.40298311280702e+03	-2.19710207579038e+03	-3.03199226025328e+05	-4.10976501232135e+05
1.05674451991834e+05	9.22832416604651e+01	-7.47844598559611e+01	2.35524286169042e+03	-2.18615772105915e+03	-3.21473178206456e+05	-3.89840840307528e+05
1.06898104475114e+05	9.14078571255049e+01	-7.51270268567718e+01	2.31187382214991e+03	-2.17484722945240e+03	-3.38116582960783e+05	-3.67531060161241e+05
1.08135926186353e+05	9.05238832418651e+01	-7.54595175300835e+01	2.27276147422469e+03	-2.16373231379116e+03	-3.53024648116002e+05	-3.44203619963125e+05
1.09388081197480e+05	8.96315293986935e+01	-7.57816635930092e+01	2.23771726971218e+03	-2.15335243252833e+03	-3.66111374403792e+05	-3.20027077855606e+05
1.10654735480284e+05	8.87310154641214e+01	-7.60932013566376e+01	2.20648261352297e+03	-2.14421365407506e+03	-3.77311247646166e+05	-2.95179304037288e+05
1.11936056928419e+05	8.78225716903363e+01	-7.63938722132091e+01	2.17873477105330e+03	-2.13677833223345e+03	-3.86580432765116e+05	-2.69844422268977e+05
1.13232215379655e+05	8.69064386205544e+01	-7.66834231099721e+01	2.15409451450784e+03	-2.13145597308274e+03	-3.93897421737310e+05	-2.44209585197463e+05
1.14543382638391e+05	8.59828669493799e+01	-7.69616070358729e+01	2.13213522572451e+03	-2.12859561825022e+03	-3.99263113681163e+05	-2.18461695624538e+05
1.15869732498426e+05	8.50521173678186e+01	-7.72281834998855e+01	2.11239311369979e+03	-2.12847999893927e+03	-4.02700331215755e+05	-1.92784189067057e+05
1.17211440765998e+05	8.41144603810361e+01	-7.74829190189772e+01	2.09437816165996e+03	-2.13132162346239e+03	-4.04252802584980e+05	-1.67353987416325e+05
1.18568685283085e+05	8.31701761053401e+01	-7.77255875783021e+01	2.07758538859423e+03	-2.13726087655200e+03	-4.03983663852103e+05	-1.42338721121978e+05
1.19941645950977e+05	8.22195540240672e+01	-7.79559711189328e+01	2.06150602684649e+03	-2.14636609897370e+03	-4.01973552200288e+05	-1.17894302987454e+05
1.21330504754123e+05	8.12628927269995e+01	-7.81738600003572e+01	2.04563823285504e+03	-2.15863554514486e+03	-3.98318377914845e+05	-9.41629142620825e+04
1.22735445784254e+05	8.03004996233325e+01	-7.83790534559756e+01	2.02949699907135e+03	-2.17400103099377e+03	-3.93126869324039e+05	-7.12714425814987e+04
1.24156655264781e+05	7.93326906238214e+01	-7.85713600382552e+01	2.01262299555328e+03	-2.19233302812911e+03	-3.86517987436530e+05	-4.93303883263716e+04
1.25594321575481e+05	7.83597898010125e+01	-7.87505980576266e+01	1.99459014071779e+03	-2.21344691911104e+03	-3.78618303764189e+05	-2.84332351470297e+04
1.27048635277468e+05	7.73821290085967e+01	-7.89165960117728e+01	1.97501177030019e+03	-2.23711011008560e+03	-3.69559427203914e+05	-8.65626066226284e+03
1.28519789138446e+05	7.64000475009206e+01	-7.90691929785363e+01	1.95354534668993e+03	-2.26304969726631e+03	-3.59475554390060e+05	9.94125164519978e+03
1.30007978158266e+05	7.54138914933718e+01	-7.92082390160213e+01	1.92989571999567e+03	-2.29096038764241e+03	-3.48501203183235e+05	2.73164490923085e+04
1.31513399594772e+05	7.44240137335070e+01	-7.93335955286943e+01	1.90381700050161e+03	-2.32051241377431e+03	-3.36769175951164e+05	4.34420531118410e+04
1.33036252989943e+05	7.34307730223378e+01	-7.94451356128445e+01	1.87511315331273e+03	-2.35135920984554e+03	-3.24408781910183e+05	5.83052702120276e+04
1.34576740196348e+05	7.24345337117918e+01	-7.95427443911294e+01	1.84363745642999e+03	-2.38314465808643e+03	-3.11544335624941e+05	7.19065311663338e+04
1.36135065403898e+05	7.14356652227416e+01	-7.96263192984248e+01	1.80929098148782e+03	-2.41550976546684e+03	-2.98293935823063e+05	8.42581169638466e+04
1.37711435166911e+05	7.04345414722352e+01	-7.96957703715931e+01	1.77202027064003e+03	-2.44809866006834e+03	-2.84768516616059e+05	9.53827240544128e+04
1.39306058431491e+05	6.94315403551623e+01	-7.97510204848676e+01	1.73181438142822e+03	-2.48056385109493e+03	-2.71071157412852e+05	1.05312015534819e+05
1.40919146563226e+05	6.84270431621669e+01	-7.97920055689408e+01	1.68870146090224e+03	-2.51257072054401e+03	-2.57296629165679e+05	1.14085197355707e+05
1.42550913375198e+05	6.74214340059466e+01	-7.98186748000623e+01	1.64274500651420e+03	-2.54380124791434e+03	-2.43531152015077e+05	1.21747650846619e+05
1.44201575156333e+05	6.64150992179641e+01	-7.98309907551043e+01	1.59403994440706e+03	-2.57395699544088e+03	-2.29852336487877e+05	1.28349645777786e+05
1.45871350700061e+05	6.54084267556817e+01	-7.98289295289816e+01	1.54270864360670e+03	-2.60276139688818e+03	-2.16329280052844e+05	1.33945151215795e+05
1.47560461333322e+05	6.44018055911153e+01	-7.98124808289283e+01	1.48889696668317e+03	-2.62996140444360e+03	-2.03022791152107e+05	1.38590754869289e+05
1.49269130945901e+05	6.33956250884879e+01	-7.97816480293964e+01	1.43277043134095e+03	-2.65532855985370e+03	-1.89985714250626e+05	1.42344697012339e+05
1.50997586020104e+05	6.23902743831803e+01	-7.97364481925610e+01	1.37451054704272e+03	-2.67865955768634e+03	-1.77263331949097e+05	1.45266020178548e+05
1.52746055660779e+05	6.13861417643686e+01	-7.96769120569862e+01	1.31431137024631e+03	-2.69977636906952e+03	-1.64893822659793e+05	1.47413832510074e+05
1.54514771625683e+05	6.03836140595757e+01	-7.96030839865418e+01	1.25237631038581e+03	-2.71852599450236e+03	-1.52908754444030e+05	1.48846680151885e+05
1.56303968356201e+05	5.93830759926793e+01	-7.95150218953436e+01	1.18891520327061e+03	-2.73477990601962e+03	-1.41333599653608e+05	1.49622021568889e+05
1.58113883008422e+05	5.83849096115519e+01	-7.94127971264523e+01	1.12414166278884e+03	-2.74843324322175e+03	-1.30188256555700e+05	1.49795796606259e+05
1.59944755484573e+05	5.73894936359505e+01	-7.92964943063703e+01	1.05827070899276e+03	-2.75940380947741e+03	-1.19487566835769e+05	1.49422080762234e+05
1.61796828464817e+05	5.63972029031240e+01	-7.91662111587655e+01	9.91516668990621e+02	-2.76763092244259e+03	-1.09241821172243e+05	1.48552816504979e+05
1.63670347439422e+05	5.54084077617844e+01	-7.90220582957103e+01	9.24091340116671e+02	-2.77307415357374e+03	-9.94572455025089e+04	1.47237611998118e+05
1.65565560741299e+05	5.44234735140203e+01	-7.88641589657941e+01	8.56202399031772e+02	-2.77571199804911e+03	-9.01364636277668e+04	1.45523599187500e+05
1.67482719578917e+05	5.34427598471851e+01	-7.86926487837250e+01	7.88052044538699e+02	-2.77554050032802e+03	-8.12789326870027e+04	1.43455342638287e+05
1.69422078069605e+05	5.24666203131981e+01	-7.85076754197525e+01	7.19835853592512e+02	-2.77257186437821e+03	-7.28813495767072e+04	1.41074791868810e+05
1.71383893273229e+05	5.14954018151331e+01	-7.83093982718429e+01	6.51741834995728e+02	-2.76683306687716e+03	-6.49380270643109e+04	1.38421270082019e+05
1.73368425226269e+05	5.05294440897242e+01	-7.80979881025884e+01	5.83949660638507e+02	-2.75836448941765e+03	-5.74412394684274e+04	1.35531492952224e+05
1.75375936976288e+05	4.95690792615930e+01	-7.78736266531945e+01	5.16630058552778e+02	-2.74721858617379e+03	-5.03815383185095e+04	1.32439612217751e+05
1.77406694616791e+05	4.86146313815874e+01	-7.76365062448603e+01	4.49944352173619e+02	-2.73345859338475e+03	-4.37480388990502e+04	1.29177278888443e+05
1.79460967322506e+05	4.76664160025679e+01	-7.73868293403160e+01	3.84044124605656e+02	-2.71715729058704e+03	-3.75286786465248e+04	1.25773721898882e+05
1.81539027385055e+05	4.67247397974821e+01	-7.71248081015806e+01	3.19071000183946e+02	-2.69839581914558e+03	-3.17104492573032e+04	1.22255838619449e+05
1.83641150249046e+05	4.57899001650012e+01	-7.68506639187468e+01	2.55156524398285e+02	-2.67726255950934e+03	-2.62796037713299e+04	1.18648293808484e+05
1.85767614548590e+05	4.48621849177690e+01	-7.65646269366530e+01	1.92422132675865e+02	-2.65385207383431e+03	-2.12218406446587e+04	1.14973624790016e+05
1.87918702144226e+05	4.39418719653936e+01	-7.62669355523038e+01	1.30979193406379e+02	-2.62826411044600e+03	-1.65224662295046e+04	1.11252350106543e+05
1.90094698160285e+05	4.30292290124524e+01	-7.59578359064341e+01	7.09291183995399e+01	-2.60060267255971e+03	-1.21665376254636e+04	1.07503080040401e+05
1.92295891022681e+05	4.21245133315250e+01	-7.56375813748735e+01	1.23635297536767e+01	-2.57097515217950e+03	-8.13898757331918e+03	1.03742627640257e+05
1.94522572497144e+05	4.12279715413138e+01	-7.53064320335847e+01	-4.46355276597357e+01	-2.53949152475547e+03	-4.42473281592020e+03	9.99861186404382e+04
1.96775037727893e+05	4.03398393939386e+01	-7.49646541351215e+01	-9.99953297919661e+01	-2.50626360529845e+03	-1.00876773066600e+03	9.62470995429314e+04
1.99053585276753e+05	3.94603416481163e+01	-7.46125195723094e+01	-1.53652186809560e+02	-2.47140436418568e+03	2.12375554493268e+03	9.25376430643896e+04
2.01358517162734e+05	3.85896919116529e+01	-7.42503053396220e+01	-2.05551127257227e+02	-2.43502729862496e+03	4.98745900112497e+03	8.88684502113503e+04
2.03690138902061e+05	3.77280925570391e+01	-7.38782930004187e+01	-2.55645559838225e+02	-2.39724585981695e+03	7.59668147111137e+03	8.52489486619303e+04
2.06048759548670e+05	3.68757346416149e+01	-7.34967681492515e+01	-3.03896918997925e+02	-2.35817293147720e+03	9.96543097546963e+03	8.16873871187872e+04
2.08434691735172e+05	3.60327978781342e+01	-7.31060198829116e+01	-3.50274296875553e+02	-2.31792035880748e+03	1.21073457016453e+04	7.81909253547543e+04
2.10848251714296e+05	3.51994506165578e+01	-7.27063402773087e+01	-3.94754065264775e+02	-2.27659852472343e+03	1.40356625621837e+04	7.47657198890520e+04
2.13289759400801e+05	3.43758498483722e+01	-7.22980238633501e+01	-4.37319492524105e+02	-2.23431596973010e+03	1.57631925142847e+04	7.14170051594096e+04
2.15759538413887e+05	3.35621412617778e+01	-7.18813671214184e+01	-4.77960356717317e+02	-2.19117905556896e+03	1.73023018185973e+04	6.81491702977726e+04
2.18257916120088e+05	3.27584593007253e+01	-7.14566679823166e+01	-5.16672558381468e+02	-2.14729166815498e+03	1.86648985128491e+04	6.49658314674955e+04
2.20785223676661e+05	3.19649272558892e+01	-7.10242253331424e+01	-5.53457735779356e+02	-2.10275495758733e+03	1.98624234659321e+04	6.18698998316992e+04
2.23341796075487e+05	3.11816573799192e+01	-7.05843385492130e+01	-5.88322882169295e+02	-2.05766711446600e+03	2.09058453705520e+04	5.88636453869702e+04
2.25927972187466e+05	3.04087510252009e+01	-7.01373070259923e+01	-6.21279970552660e+02	-2.01212317804913e+03	2.18056592367130e+04	5.59487565910891e+04
2.28544094807443e+05	2.96462987886079e+01	-6.96834297293984e+01	-6.52345584138924e+02	-1.96621487526964e+03	2.25718878086073e+04	5.31263961325201e+04
2.31190510699635e+05	2.88943807161815e+01	-6.92230047761559e+01	-6.81540555565546e+02	-1.92003049017384e+03	2.32140855881608e+04	5.03972528964578e+04
2.33867570643604e+05	2.81530664626765e+01	-6.87563290032382e+01	-7.08889615188796e+02	-1.87365475704734e+03	2.37413449747970e+04	4.77615902444852e+04
2.36575629480746e+05	2.74224155245217e+01	-6.82836975765912e+01	-7.34421050351140e+02	-1.82716878042416e+03	2.41623042891914e+04	4.52192909042772e+04
2.39315046161325e+05	2.67024774744233e+01	-6.78054036186994e+01	-7.58166375100445e+02	-1.78064997788890e+03	2.44851573213031e+04	4.27698985685370e+04
2.42086183792055e+05	2.59932921755549e+01	-6.73217378303179e+01	-7.80160012090179e+02	-1.73417204187122e+03	2.47176641259713e+04	4.04126563078461e+04
2.44889409684229e+05	2.52948900589316e+01	-6.68329881593283e+01	-8.00438986733301e+02	-1.68780492291884e+03	2.48671628873567e+04	3.81465421160260e+04
2.47725095402401e+05	2.46072923849690e+01	-6.63394394750256e+01	-8.19042634014333e+02	-1.64161482945292e+03	2.49405825903136e+04	3.59703016405401e+04
2.50593616813642e+05	2.39305115125028e+01	-6.58413732594674e+01	-8.36012318356588e+02	-1.59566424345874e+03	2.49444563320144e+04	3.38824782674699e+04
2.53495354137358e+05	2.32645511879129e+01	-6.53390673236032e+01	-8.51391166550560e+02	-1.55001195094570e+03	2.48849351154751e+04	3.18814407679515e+04
2.56430691995688e+05	2.26094068458489e+01	-6.48327955462572e+01	-8.65223814672432e+02	-1.50471308555707e+03	2.47678019921802e+04	2.99654086428492e+04
2.59400019464487e+05	2.19650658883430e+01	-6.43228276167490e+01	-8.77556167023559e+02	-1.45981918334308e+03	2.45984863795512e+04	2.81324752313151e+04
2.62403730124892e+05	2.13315080055542e+01	-6.38094288161770e+01	-8.88435169903207e+02	-1.41537824835745e+03	2.43820785218849e+04	2.63806288686941e+04
2.65442222115500e+05	2.07087054840368e+01	-6.32928598101993e+01	-8.97908597927659e+02	-1.37143482755370e+03	2.41233439434526e+04	2.47077721173855e+04
2.68515898185133e+05	2.00966235027558e+01	-6.27733764496705e+01	-9.06024853042770e+02	-1.32803009281825e+03	2.38267378069778e+04	2.31117391931977e+04
2.71625165746223e+05	1.94952204590180e+01	-6.22512296078728e+01	-9.12832777150550e+02	-1.28520193103501e+03	2.34964191587409e+04	2.15903117919415e+04
2.74770436928819e+05	1.89044482765039e+01	-6.17266650244091e+01	-9.18381477015158e+02	-1.24298503924932e+03	2.31362649538172e+04	2.01412333715141e+04
2.77952128635208e+05	1.83242527200456e+01	-6.11999231713422e+01	-9.22720161476201e+02	-1.20141102532832e+03	2.27498838285033e+04	1.87622219996835e+04
2.81170662595181e+05	1.77545737033351e+01	-6.06712391313626e+01	-9.25897990501841e+02	-1.16050851213190e+03	2.23406295697626e+04	1.74509818895904e+04
2.84426465421928e+05	1.71953456004440e+01	-6.01408424980309e+01	-9.27963936301995e+02	-1.12030324542255e+03	2.19116142606118e+04	1.62052137146746e+04
2.87719968668585e+05	1.66464975571442e+01	-5.96089572908177e+01	-9.28966655482897e+02	-1.08081820393705e+03	2.14657210566860e+04	1.50226237859399e+04
2.91051608885443e+05	1.61079537847376e+01	-5.90758018819206e+01	-9.28954371747332e+02	-1.04207371147352e+03	2.10056165789225e+04	1.39009322048550e+04
2.94421827677802e+05	1.55796338657518e+01	-5.85415889420819e+01	-9.27974769536002e+02	-1.00408754984976e+03	2.05337629046060e+04	1.28378800393046e+04
2.97831071764512e+05	1.50614530480872e+01	-5.80065254027262e+01	-9.26074897494238e+02	-9.66875072793600e+02	2.00524291477917e+04	1.18312356322360e+04
3.01279793037186e+05	1.45533225274629e+01	-5.74708124217718e+01	-9.23301081210821e+02	-9.30449319386363e+02	1.95637025988603e+04	1.08788000825296e+04
3.04768448620092e+05	1.40551497340742e+01	-5.69346453695068e+01	-9.19698845488214e+02	-8.94821126954489e+02	1.90694994417576e+04	9.97841198911829e+03
3.08297500930749e+05	1.35668386152841e+01	-5.63982138374774e+01	-9.15312845217181e+02	-8.59999244002649e+02	1.85715750529728e+04	9.12795153471433e+03
3.11867417741217e+05	1.30882898853074e+01	-5.58617016277182e+01	-9.10186803796770e+02	-8.25990440474727e+02	1.80715338310741e+04	8.32534392134208e+03
3.15478672240104e+05	1.26194013080882e+01	-5.53252867885090e+01	-9.04363460482957e+02	-7.92799617123345e+02	1.75708386259045e+04	7.56856225193731e+03
3.19131743095282e+05	1.21600679411584e+01	-5.47891416403558e+01	-8.97884524140125e+02	-7.60429912983503e+02	1.70708197325005e+04	6.85562991111559e+03
3.22827114517336e+05	1.17101823799274e+01	-5.42534328094510e+01	-8.90790633942412e+02	-7.28882810015659e+02	1.65726834493994e+04	6.18462245841768e+03
3.26565276323744e+05	1.12696350060609e+01	-5.37183212868102e+01	-8.83121327202373e+02	-6.98158235791871e+02	1.60775202501747e+04	5.55366912211970e+03
3.30346724003806e+05	1.08383142056661e+01	-5.31839624752208e+01	-8.74915012262615e+02	-6.68254663297480e+02	1.55863125237989e+04	4.96095389755348e+03
3.34171958784316e+05	1.04161065997215e+01	-5.26505062586193e+01	-8.66208947803734e+02	-6.39169207645858e+02	1.50999419402497e+04	4.40471631601071e+03
3.38041487695999e+05	1.00028972543083e+01	-5.21180970725300e+01	-8.57039226853897e+02	-6.10897720233508e+02	1.46191964198823e+04	3.88325189912104e+03
3.41955823640723e+05	9.59856988699719e+00	-5.15868739851129e+01	-8.47440766041656e+02	-5.83434879537704e+02	1.41447767478195e+04	3.39491235552477e+03
3.45915485459477e+05	9.20300706200260e+00	-5.10569707744045e+01	-8.37447298914688e+02	-5.56774278427518e+02	1.36773027996500e+04	2.93810551064020e+03
3.49920998001145e+05	8.81609037409091e+00	-5.05285160182742e+01	-8.27091373384764e+02	-5.30908508879619e+02	1.32173194485130e+04	2.51129504994041e+03
3.53972892192078e+05	8.43770064095008e+00	-5.00016331991026e+01	-8.16404353658560e+02	-5.05829242817512e+02	1.27653021267263e+04	2.11300005301031e+03
3.58071705106460e+05	8.06771806073600e+00	-4.94764407893591e+01	-8.05416424437871e+02	-4.81527309907054e+02	1.23216620609313e+04	1.74179437461944e+03
3.62217980037504e+05	7.70602237684594e+00	-4.89530523527017e+01	-7.94156598906575e+02	-4.57992771721595e+02	1.18867511975162e+04	1.39630587279411e+03
3.66412266569461e+05	7.35249304005876e+00	-4.84315766594583e+01	-7.82652729790108e+02	-4.35214992952652e+02	1.14608668460056e+04	1.07521552023245e+03
3.70655120650468e+05	7.00700934654348e+00	-4.79121177864164e+01	-7.70931522331100e+02	-4.13182709225733e+02	1.10442560251728e+04	7.77256406342670e+02
3.74947104666237e+05	6.66945058021659e+00	-4.73947752279709e+01	-7.59018549903660e+02	-3.91884091271691e+02	1.06371195438165e+04	5.01212649912711e+02
3.79288787514602e+05	6.33969614146624e+00	-4.68796440097370e+01	-7.46938271609474e+02	-3.71306806451372e+02	1.02396158274762e+04	2.45918238468671e+02
3.83680744680919e+05	6.01762566964029e+00	-4.63668147994495e+01	-7.34714051598056e+02	-3.51438076693735e+02	9.85186449317880e+03	1.02558033858140e+01
3.88123558314356e+05	5.70311916053694e+00	-4.58563740262606e+01	-7.22368180038022e+02	-3.32264733564043e+02	9.47394969928017e+03	-2.06844650584261e+02
3.92617817305046e+05	5.39605707030073e+00	-4.53484039896501e+01	-7.09921895321190e+02	-3.13773270136333e+02	9.10592326596454e+03	-4.06407056702271e+02
3.97164117362151e+05	5.09632042140314e+00	-4.48429829837283e+01	-6.97395407673911e+02	-2.95949890111708e+02	8.74780759359568e+03	-5.89410625180873e+02
4.01763061092819e+05	4.80379089149238e+00	-4.43401854055071e+01	-6.84807923378642e+02	-2.78780553888611e+02	8.39959837606898e+03	-7.56791200396034e+02
4.06415258082060e+05	4.51835090094047e+00	-4.38400818724703e+01	-6.72177670121525e+02	-2.62251022014118e+02	8.06126713182768e+03	-9.09442630373551e+02
4.11121324973546e+05	4.23988370034324e+00	-4.33427393491704e+01	-6.59521923196235e+02	-2.46346895895243e+02	7.73276355747099e+03	-1.04821814333682e+03
4.15881885551346e+05	3.96827343365250e+00	-4.28482212417480e+01	-6.46857031370267e+02	-2.31053655773332e+02	7.41401770298465e+03	-1.17393171822184e+03
4.20697570822609e+05	3.70340521523368e+00	-4.23565875307966e+01	-6.34198444268915e+02	-2.16356696567560e+02	7.10494201014688e+03	-1.28735945072816e+03
4.25569019101199e+05	3.44516519146445e+00	-4.18678948803746e+01	-6.21560739377397e+02	-2.02241360965048e+02	6.80543318672734e+03	-1.38924090765172e+03
4.30496876092312e+05	3.19344059301431e+00	-4.13821967420335e+01	-6.08957649077998e+02	-1.88692970326277e+02	6.51537394090053e+03	-1.48028046412780e+03
4.35481794978052e+05	2.94811979106952e+00	-4.08995434750658e+01	-5.96402088310459e+02	-1.75696853496159e+02	6.23463459622209e+03	-1.56114862170083e+03
4.40524436504019e+05	2.70909234167465e+00	-4.04199824514471e+01	-5.83906181764122e+02	-1.63238373374887e+02	5.96307457350299e+03	-1.63248330371714e+03
4.45625469066885e+05	2.47624902751629e+00	-3.99435581630265e+01	-5.71481291067713e+02	-1.51302951539895e+02	5.70054376214460e+03	-1.69489112434728e+03
4.50785568802990e+05	2.24948189654489e+00	-3.94703123324092e+01	-5.59138042019539e+02	-1.39876090956016e+02	5.44688378416365e+03	-1.74894863215679e+03
4.56005419677967e+05	2.02868429180010e+00	-3.90002840093627e+01	-5.46886351133990e+02	-1.28943396779211e+02	5.20192915211832e+03	-1.79520352176196e+03
4.61285713577394e+05	1.81375087924900e+00	-3.85335096736366e+01	-5.34735452209665e+02	-1.18490595538919e+02	4.96550833886247e+03	-1.83417581576027e+03
4.66627150398508e+05	1.60457767601698e+00	-3.80700233441955e+01	-5.22693922680384e+02	-1.08503552677270e+02	4.73744476040282e+03	-1.86635901576599e+03
4.72030438142974e+05	1.40106206600391e+00	-3.76098566638537e+01	-5.10769709032232e+02	-9.89682883668249e+01	4.51755766673872e+03	-1.89222121825438e+03
4.77496293010731e+05	1.20310281982842e+00	-3.71530390058691e+01	-4.98970152370228e+02	-8.98709920886084e+01	4.30566297050345e+03	-1.91220619876396e+03
4.83025439494920e+05	1.01060010406360e+00	-3.66995975540077e+01	-4.87302012949033e+02	-8.11980355577548e+01	4.10157398988367e+03	-1.92673446048250e+03
4.88618610477919e+05	8.23455494947435e-01	-3.62495574054846e+01	-4.75771494736276e+02	-7.29359846172644e+01	3.90510213915192e+03	-1.93620425054271e+03
4.94276547328483e+05	6.41571982784917e-01	-3.58029416522889e+01	-4.64384269089834e+02	-6.50716096565464e+01	3.71605754833411e+03	-1.94099254100272e+03
5.00000000000014e+05	4.64853977355503e-01	-3.53597714697087e+01	-4.53145497976089e+02	-5.75918949904240e+01	3.53424962923367e+03	-1.94145597584536e+03
5.05789727129963e+05	2.93207307999239e-01	-3.49200661977499e+01	-4.42059856640725e+02	-5.04840470713664e+01	3.35948758925334e+03	-1.93793178444123e+03
5.11646496140391e+05	1.26539221326649e-01	-3.44838434204938e+01	-4.31131555666655e+02	-4.37355017568455e+01	3.19158089384507e+03	-1.93073866163989e+03
5.17571083339686e+05	-3.52416204589865e-02	-3.40511190484906e+01	-4.20364362510373e+02	-3.73339305403851e+01	3.03033968820663e+03	-1.92017761487557e+03
5.23564274025464e+05	-1.92225146662103e-01	-3.36219073927600e+01	-4.09761622368569e+02	-3.12672459002837e+01	2.87557517231343e+03	-1.90653277917374e+03
5.29626862588659e+05	-3.44499886862355e-01	-3.31962212349532e+01	-3.99326278412279e+02	-2.55236057827121e+01	2.72709993958503e+03	-1.89007219976390e+03
5.35759652618818e+05	-4.92152980562633e-01	-3.27740719004894e+01	-3.89060891488519e+02	-2.00914173961667e+01	2.58472827975934e+03	-1.87104858431650e+03
5.41963457010617e+05	-6.35270188041872e-01	-3.23554693291649e+01	-3.78967659267573e+02	-1.49593401234588e+01	2.44827645014643e+03	-1.84970002547006e+03
5.48239098071608e+05	-7.73935905213955e-01	-3.19404221374470e+01	-3.69048434645137e+02	-1.01162878668511e+01	2.31756291408539e+03	-1.82625069279249e+03
5.54587407631216e+05	-9.08233179131010e-01	-3.15289376792396e+01	-3.59304743540014e+02	-5.55143070090577e+00	2.19240855319852e+03	-1.80091149615978e+03
5.61009227150997e+05	-1.03824372192397e+00	-3.11210221135740e+01	-3.49737802298284e+02	-1.25419594019996e+00	2.07263685433169e+03	-1.77388072273422e+03
5.67505407836173e+05	-1.16404793091374e+00	-3.07166804592743e+01	-3.40348534357825e+02	2.78573128775392e+00	1.95807407333766e+03	-1.74534464627852e+03
5.74076810748457e+05	-1.28572490630995e+00	-3.03159166502992e+01	-3.31137586288245e+02	6.57840807313141e+00	1.84854937524350e+03	-1.71547810985466e+03
5.80724306920188e+05	-1.40335247137730e+00	-2.99187335893384e+01	-3.22105343337814e+02	1.01336341103909e+01	1.74389495703831e+03	-1.68444508397770e+03
5.87448777469781e+05	-1.51700719285479e+00	-2.95251332030174e+01	-3.13251944490742e+02	1.34609525984666e+01	1.64394615238025e+03	-1.65239920157108e+03
5.94251113718526e+05	-1.62676440398887e+00	-2.91351164823857e+01	-3.04577296717871e+02	1.65696514692067e+01	1.54854151795695e+03	-1.61948426705048e+03
6.01132217308723e+05	-1.73269822437087e+00	-2.87486835411335e+01	-2.96081089055962e+02	1.94687650766553e+01	1.45752290726750e+03	-1.58583474637773e+03
6.08093000323201e+05	-1.83488158476103e+00	-2.83658336521016e+01	-2.87762805810523e+02	2.21670760811813e+01	1.37073552926613e+03	-1.55157623233111e+03
6.15134385406208e+05	-1.93338625077010e+00	-2.79865652884730e+01	-2.79621739386953e+02	2.46731177496170e+01	1.28802799418463e+03	-1.51682589053613e+03
6.22257305885710e+05	-2.02828284436553e+00	-2.76108761763848e+01	-2.71657002772560e+02	2.69951765068868e+01	1.20925235104705e+03	-1.48169288700492e+03
6.29462705897102e+05	-2.11964087150324e+00	-2.72387633145734e+01	-2.63867541101014e+02	2.91412946706067e+01	1.13426410975401e+03	-1.44627879247550e+03
6.36751540508349e+05	-2.20752874447730e+00	-2.68702230253786e+01	-2.56252143235787e+02	3.11192735064064e+01	1.06292225937700e+03	-1.41067797350247e+03
6.44124775846586e+05	-2.29201380678688e+00	-2.65052509824430e+01	-2.48809452501594e+02	3.29366764323320e+01	9.95089273853995e+02	-1.37497796198452e+03
6.51583389226169e+05	-2.37316235844140e+00	-2.61438422472611e+01	-2.41537977229657e+02	3.46008324283387e+01	9.30631113121779e+02	-1.33925981099963e+03
6.59128369278223e+05	-2.45103968113283e+00	-2.57859912923657e+01	-2.34436100592147e+02	3.61188395789200e+01	8.69417214299682e+02	-1.30359843155145e+03
6.66760716081681e+05	-2.52571006287580e+00	-2.54316920363386e+01	-2.27502090265499e+02	3.74975687917413e+01	8.11320480100467e+02	-1.26806291705195e+03
6.74481441295846e+05	-2.59723682188205e+00	-2.50809378715555e+01	-2.20734107552247e+02	3.87436676519239e+01	7.56217258754134e+02	-1.23271685119330e+03
6.82291568294482e+05	-2.66568233284183e+00	-2.47337216829386e+01	-2.14130216042631e+02	3.98635643376291e+01	7.03987320546219e+02	-1.19761860216324e+03
6.90192132301463e+05	-2.73110805039010e+00	-2.43900358741413e+01	-2.07688389970026e+02	4.08634716863974e+01	6.54513829223963e+02	-1.16282160373768e+03
6.98184180527989e+05	-2.79357453357358e+00	-2.40498723906812e+01	-2.01406522200667e+02	4.17493913106298e+01	6.07683309756769e+02	-1.12837462388970e+03
7.06268772311398e+05	-2.85314146916883e+00	-2.37132227437614e+01	-1.95282431842262e+02	4.25271178172196e+01	5.63385612468165e+02	-1.09432202117317e+03
7.14446979255573e+05	-2.90986769607476e+00	-2.33800780201982e+01	-1.89313871375354e+02	4.32022430324440e+01	5.21513873272971e+02	-1.06070398823390e+03
7.22719885372985e+05	-2.96381122852437e+00	-2.30504289027232e+01	-1.83498533597496e+02	4.37801603059969e+01	4.81964472139592e+02	-1.02755678587058e+03
7.31088587228381e+05	-3.01502927724402e+00	-2.27242656926147e+01	-1.77834058198646e+02	4.42660688752834e+01	4.44636988269281e+02	-9.94912965786146e+02
7.39554194084126e+05	-3.06357827392131e+00	-2.24015783115310e+01	-1.72318037920411e+02	4.46649781906104e+01	4.09434153322100e+02	-9.62801582968262e+02
7.48117828047239e+05	-3.10951389037726e+00	-2.20823563305839e+01	-1.66948024583102e+02	4.49817123340381e+01	3.76261802741542e+02	-9.31248399200371e+02
7.56780624218127e+05	-3.15289106170279e+00	-2.17665889667253e+01	-1.61721534584979e+02	4.52209143589179e+01	3.45028825119171e+02	-9.00276076078861e+02
7.65543730841038e+05	-3.19376400564533e+00	-2.14542651035326e+01	-1.56636054315941e+02	4.53870507149807e+01	3.15647110412262e+02	-8.69904360651372e+02
7.74408309456264e+05	-3.23218624272943e+00	-2.11453732976389e+01	-1.51689045183876e+02	4.54844156167768e+01	2.88031496490415e+02	-8.40150261664683e+02
7.83375535054098e+05	-3.26821061547822e+00	-2.08399017856347e+01	-1.46877948378407e+02	4.55171353982264e+01	2.62099714757406e+02	-8.11028217867366e+02
7.92446596230581e+05	-3.30188930664874e+00	-2.05378384971674e+01	-1.42200189445203e+02	4.54891728899888e+01	2.37772334901838e+02	-7.82550259319714e+02
8.01622695345045e+05	-3.33327385751565e+00	-2.02391710531281e+01	-1.37653182492537e+02	4.54043317119129e+01	2.14972708580160e+02	-7.54726160267393e+02
8.10905048679490e+05	-3.36241518442363e+00	-1.99438867804402e+01	-1.33234334299080e+02	4.52662605823116e+01	1.93626912757547e+02	-7.27563586022350e+02
8.20294886599795e+05	-3.38936359527870e+00	-1.96519727113634e+01	-1.28941048059922e+02	4.50784575750961e+01	1.73663692288429e+02	-7.01068232384227e+02
8.29793453718806e+05	-3.41416880532675e+00	-1.93634155884910e+01	-1.24770726997616e+02	4.48442743230335e+01	1.55014402055386e+02	-6.75243958899053e+02
8.39402009061306e+05	-3.43687995144583e+00	-1.90782018670262e+01	-1.20720777699228e+02	4.45669202002157e+01	1.37612948804297e+02	-6.50092915683939e+02
8.49121826230898e+05	-3.45754560658709e+00	-1.87963177227880e+01	-1.16788613333891e+02	4.42494664595976e+01	1.21395733026447e+02	-6.25615665172975e+02
8.58954193578821e+05	-3.47621379252098e+00	-1.85177490477229e+01	-1.12971656558946e+02	4.38948502863720e+01	1.06301590109904e+02	-6.01811296732856e+02
8.68900414374715e+05	-3.49293199259233e+00	-1.82424814544659e+01	-1.09267342323673e+02	4.35058788322225e+01	9.22717320711301e+01	-5.78677537214782e+02
8.78961806979374e+05	-3.50774716309069e+00	-1.79705002798424e+01	-1.05673120482156e+02	4.30852331859285e+01	7.92496888222576e+01	-5.56210855574964e+02
8.89139705019489e+05	-3.52070574389172e+00	-1.77017905797400e+01	-1.02186458160831e+02	4.26354722649161e+01	6.71812497122262e+01	-5.34406562312240e+02
8.99435457564422e+05	-3.53185366856954e+00	-1.74363371335698e+01	-9.88048420513040e+01	4.21590366684456e+01	5.60144052277639e+01	-5.13258904597306e+02
9.09850429305020e+05	-3.54123637373624e+00	-1.71741244431581e+01	-9.55257805035513e+01	4.16582524646445e+01	4.56992888396311e+01	-4.92761156595514e+02
9.20386000734507e+05	-3.54889880678714e+00	-1.69151367318604e+01	-9.23468054369199e+01	4.11353348961607e+01	3.61881190934768e+01	-4.72905704830111e+02
9.31043568331463e+05	-3.55488543413510e+00	-1.66593579439069e+01	-8.92654741631249e+01	4.05923920416368e+01	2.74351421156816e+01	-4.53684130077538e+02
9.41824544744930e+05	-3.55924024752919e+00	-1.64067717434099e+01	-8.62793710156052e+01	4.00314283930761e+01	1.93965743302225e+01	-4.35087284378917e+02
9.52730358981654e+05	-3.56200677018390e+00	-1.61573615145680e+01	-8.33861088811304e+01	3.94543483739466e+01	1.20305457381108e+01	-4.17105364487731e+02
9.63762456595498e+05	-3.56322806203936e+00	-1.59111103573443e+01	-8.05833305747408e+01	3.88629597784998e+01	5.29704351968575e+00	-3.99727981289269e+02
9.74922299879053e+05	-3.56294672435426e+00	-1.56680010899512e+01	-7.78687101258263e+01	3.82589771542156e+01	-8.42143733329349e-01	-3.82944225705704e+02
9.86211368057458e+05	-3.56120490329454e+00	-1.54280162453025e+01	-7.52399539094050e+01	3.76440250986973e+01	-6.42348136088905e+00	-3.66742730753227e+02
9.97631157484471e+05	-3.55804429323879e+00	-1.51911380703341e+01	-7.26948016979944e+01	3.70196414946242e+01	-1.14817433061367e+01	-3.51111730465215e+02
1.00918318184081e+06	-3.55350613910346e+00	-1.49573485257161e+01	-7.02310275893098e+01	3.63872806730302e+01	-1.60500662670361e+01	-3.36039115288151e+02
1.02086897233480e+06	-3.54763123794804e+00	-1.47266292825989e+01	-6.78464408280975e+01	3.57483164907063e+01	-2.01600030587429e+01	-3.21512484303225e+02
1.03269007790530e+06	-3.54045994038708e+00	-1.44989617235437e+01	-6.55388865538112e+01	3.51040453555639e+01	-2.38415754035424e+01	-3.07519194561176e+02
1.04464806542705e+06	-3.53203215089194e+00	-1.42743269417581e+01	-6.33062464388076e+01	3.44556891684150e+01	-2.71233259549948e+01	-2.94046407196246e+02
1.05674451991836e+06	-3.52238732776521e+00	-1.40527057393615e+01	-6.11464392390823e+01	3.38043981932426e+01	-3.00323695550644e+01	-2.81081130857095e+02
1.06898104475115e+06	-3.51156448268129e+00	-1.38340786279818e+01	-5.90574212763614e+01	3.31512538564627e+01	-3.25944437013257e+01	-2.68610262357511e+02
1.08135926186354e+06	-3.49960217945581e+00	-1.36184258289033e+01	-5.70371868281552e+01	3.24972714795521e+01	-3.48339582352113e+01	-2.56620624634482e+02
1.09388081197481e+06	-3.48653853223381e+00	-1.34057272716498e+01	-5.50837684383323e+01	3.18434029270564e+01	-3.67740441407126e+01	-2.45099002097130e+02
1.10654735480285e+06	-3.47241120401950e+00	-1.31959625972036e+01	-5.31952371922323e+01	3.11905392077007e+01	-3.84366015082616e+01	-2.34032173847890e+02
1.11936056928421e+06	-3.45725740352068e+00	-1.29891111567492e+01	-5.13697028725969e+01	3.05395129787336e+01	-3.98423465921959e+01	-2.23406944035584e+02
1.13232215379657e+06	-3.44111388268035e+00	-1.27851520130725e+01	-4.96053140958162e+01	2.98911009970891e+01	-4.10108579352239e+01	-2.13210170412464e+02
1.14543382638392e+06	-3.42401693331651e+00	-1.25840639426230e+01	-4.79002583673397e+01	2.92460264995787e+01	-4.19606215788491e+01	-2.03428790480461e+02
1.15869732498428e+06	-3.40600238378663e+00	-1.23858254392029e+01	-4.62527620950623e+01	2.86049615168570e+01	-4.27090753036461e+01	-1.94049845630157e+02
1.17211440766000e+06	-3.38710559497217e+00	-1.21904147135660e+01	-4.46610905326648e+01	2.79685291111071e+01	-4.32726519026033e+01	-1.85060503262995e+02
1.18568685283087e+06	-3.36736145606424e+00	-1.19978096969856e+01	-4.31235476814694e+01	2.73373055529643e+01	-4.36668214218676e+01	-1.76448076961430e+02
1.19941645950978e+06	-3.34680438070392e+00	-1.18079880457008e+01	-4.16384761575696e+01	2.67118224386025e+01	-4.39061324472912e+01	-1.68200044997572e+02
1.21330504754125e+06	-3.32546830229731e+00	-1.16209271445067e+01	-4.02042569973975e+01	2.60925687358781e+01	-4.40042523489571e+01	-1.60304066905941e+02
1.22735445784256e+06	-3.30338666918312e+00	-1.14366041083833e+01	-3.88193094270777e+01	2.54799927606339e+01	-4.39740064542997e+01	-1.52747998487279e+02
1.24156655264783e+06	-3.28059244072262e+00	-1.12549957923171e+01	-3.74820906123061e+01	2.48745041143877e+01	-4.38274162751612e+01	-1.45519905322219e+02
1.25594321575483e+06	-3.25711808137078e+00	-1.10760787894633e+01	-3.61910953325703e+01	2.42764755212679e+01	-4.35757365490711e+01	-1.38608074521430e+02
1.27048635277469e+06	-3.23299555685838e+00	-1.08998294422709e+01	-3.49448556682396e+01	2.36862446449987e+01	-4.32294913592141e+01	-1.32001025356235e+02
1.28519789138447e+06	-3.20825632863116e+00	-1.07262238444951e+01	-3.37419406205243e+01	2.31041158167775e+01	-4.27985091088078e+01	-1.25687518283700e+02
1.30007978158268e+06	-3.18293134978047e+00	-1.05552378511804e+01	-3.25809557323324e+01	2.25303617257189e+01	-4.22919564752619e+01	-1.19656562901967e+02
1.31513399594773e+06	-3.15705105972589e+00	-1.03868470826248e+01	-3.14605426580636e+01	2.19652250357366e+01	-4.17183712907761e+01	-1.13897424503604e+02
1.33036252989945e+06	-3.13064537953656e+00	-1.02210269310919e+01	-3.03793787196862e+01	2.14089199496880e+01	-4.10856943461521e+01	-1.08399629589985e+02
1.34576740196350e+06	-3.10374370798857e+00	-1.00577525719126e+01	-2.93361764508776e+01	2.08616337314437e+01	-4.04013001826092e+01	-1.03152970343535e+02
1.36135065403900e+06	-3.07637491657388e+00	-9.89699896767092e+00	-2.83296831030221e+01	2.03235281560912e+01	-3.96720268012708e+01	-9.81475080092098e+01
1.37711435166913e+06	-3.04856734552318e+00	-9.73874087866503e+00	-2.73586801423285e+01	1.97947409153648e+01	-3.89042043124339e+01	-9.33735753559471e+01
1.39306058431493e+06	-3.02034879960945e+00	-9.58295287011586e+00	-2.64219827295497e+01	1.92753869721953e+01	-3.81036825997507e+01	-8.88217782844085e+01
1.40919146563227e+06	-2.99174654465263e+00	-9.42960932310686e+00	-2.55184391871291e+01	1.87655598643660e+01	-3.72758579140993e+01	-8.44829966040407e+01
1.42550913375200e+06	-2.96278730367169e+00	-9.27868444233520e+00	-2.46469304476195e+01	1.82653329554413e+01	-3.64256984751089e+01	-8.03483840273637e+01
1.44201575156335e+06	-2.93349725367973e+00	-9.13015226648563e+00	-2.38063694930111e+01	1.77747606398340e+01	-3.55577690678447e+01	-7.64093674641474e+01
1.45871350700063e+06	-2.90390202246142e+00	-8.98398667699727e+00	-2.29957007831385e+01	1.72938794971520e+01	-3.46762546347753e+01	-7.26576456702254e+01
1.47560461333324e+06	-2.87402668654187e+00	-8.84016141159388e+00	-2.22138996843779e+01	1.68227094138650e+01	-3.37849829556738e+01	-6.90851873225271e+01
1.49269130945903e+06	-2.84389576790126e+00	-8.69865007070404e+00	-2.14599718697775e+01	1.63612546359211e+01	-3.28874462776460e+01	-6.56842284681976e+01
1.50997586020106e+06	-2.81353323240322e+00	-8.55942613039523e+00	-2.07329527331600e+01	1.59095047993013e+01	-3.19868220968849e+01	-6.24472695441905e+01
1.52746055660781e+06	-2.78296248809002e+00	-8.42246295336955e+00	-2.00319067896863e+01	1.54674359084635e+01	-3.10859929737641e+01	-5.93670719214410e+01
1.54514771625685e+06	-2.75220638367019e+00	-8.28773379905125e+00	-1.93559270728238e+01	1.50350112739932e+01	-3.01875654755827e+01	-5.64366540360186e+01
1.56303968356203e+06	-2.72128720768308e+00	-8.15521183590637e+00	-1.87041345288772e+01	1.46121824106883e+01	-2.92938882215198e+01	-5.36492871440148e+01
1.58113883008424e+06	-2.69022668784001e+00	-8.02487015238871e+00	-1.80756774106262e+01	1.41988898959577e+01	-2.84070690834801e+01	-5.09984907658189e+01
1.59944755484575e+06	-2.65904599065429e+00	-7.89668176779407e+00	-1.74697306664179e+01	1.37950641885618e+01	-2.75289915577600e+01	-4.84780278269734e+01
1.61796828464820e+06	-2.62776572188933e+00	-7.77061964514320e+00	-1.68854953359754e+01	1.34006264136186e+01	-2.66613303131148e+01	-4.60818995616254e+01
1.63670347439425e+06	-2.59640592694667e+00	-7.64665670167689e+00	-1.63221979418509e+01	1.30154891090461e+01	-2.58055659764518e+01	-4.38043401990827e+01
1.65565560741301e+06	-2.56498609197958e+00	-7.52476582179280e+00	-1.57790898834858e+01	1.26395569371195e+01	-2.49629991199890e+01	-4.16398114389317e+01
1.67482719578920e+06	-2.53352514511128e+00	-7.40491986767038e+00	-1.52554468347689e+01	1.22727273619140e+01	-2.41347635366735e+01	-3.95829968055448e+01
1.69422078069607e+06	-2.50204145820552e+00	-7.28709169099648e+00	-1.47505681448478e+01	1.19148912948568e+01	-2.33218387948253e+01	-3.76287958633821e+01
1.71383893273231e+06	-2.47055284941777e+00	-7.17125414649503e+00	-1.42637762435543e+01	1.15659337100225e+01	-2.25250620987183e+01	-3.57723183338710e+01
1.73368425226272e+06	-2.43907658505570e+00	-7.05738010048139e+00	-1.37944160470413e+01	1.12257342214274e+01	-2.17451394743188e+01	-3.40088781312707e+01
1.75375936976290e+06	-2.40762938315960e+00	-6.94544244513844e+00	-1.33418543750449e+01	1.08941676401355e+01	-2.09826563326811e+01	-3.23339873683336e+01
1.77406694616794e+06	-2.37622741683410e+00	-6.83541410955425e+00	-1.29054793723123e+01	1.05711044983996e+01	-2.02380874124593e+01	-3.07433503337533e+01
1.79460967322509e+06	-2.34488631737826e+00	-6.72726806937555e+00	-1.24846999281681e+01	1.02564115397196e+01	-1.95118060996411e+01	-2.92328574225875e+01
1.81539027385057e+06	-2.31362117918014e+00	-6.62097736055561e+00	-1.20789451171707e+01	9.94995219527964e+00	-1.88040932319491e+01	-2.77985791442608e+01
1.83641150249049e+06	-2.28244656356055e+00	-6.51651508850753e+00	-1.16876636331237e+01	9.65158702097894e+00	-1.81151453059983e+01	-2.64367600948584e+01
1.85767614548593e+06	-2.25137650383548e+00	-6.41385443984531e+00	-1.13103232386942e+01	9.36117411765962e+00	-1.74450821947200e+01	-2.51438130125246e+01
1.87918702144229e+06	-2.22042451065900e+00	-6.31296869359808e+00	-1.09464102229934e+01	9.07856952657439e+00	-1.67939543649752e+01	-2.39163128881304e+01
1.90094698160287e+06	-2.18960357724848e+00	-6.21383123114251e+00	-1.05954288620331e+01	8.80362759756190e+00	-1.61617496008821e+01	-2.27509911213137e+01
1.92295891022684e+06	-2.15892618527763e+00	-6.11641554647733e+00	-1.02569008923632e+01	8.53620133807948e+00	-1.55483992942096e+01	-2.16447297880945e+01
1.94522572497147e+06	-2.12840431115582e+00	-6.02069525711339e+00	-9.93036499272665e+00	8.27614274101567e+00	-1.49537842938352e+01	-2.05945559829094e+01
1.96775037727896e+06	-2.09804943231549e+00	-5.92664411328198e+00	-9.61537627382426e+00	8.02330309026048e+00	-1.43777403494401e+01	-1.95976362701228e+01
1.99053585276756e+06	-2.06787253400366e+00	-5.83423600795748e+00	-9.31150577760529e+00	7.77753324733547e+00	-1.38200631631222e+01	-1.86512712415128e+01
2.01358517162737e+06	-2.03788411623969e+00	-5.74344498605704e+00	-9.01833998694100e+00	7.53868391937409e+00	-1.32805130764913e+01	-1.77528901920808e+01
2.03690138902064e+06	-2.00809420104619e+00	-5.65424525354621e+00	-8.73548034360066e+00	7.30660590787980e+00	-1.27588194043065e+01	-1.69000459159584e+01
2.06048759548672e+06	-1.97851234002813e+00	-5.56661118650885e+00	-8.46254277781343e+00	7.08115034180437e+00	-1.22546844443531e+01	-1.60904096353548e+01
2.08434691735175e+06	-1.94914762196869e+00	-5.48051733941408e+00	-8.19915724540346e+00	6.86216889188639e+00	-1.17677871678419e+01	-1.53217660505626e+01
2.10848251714299e+06	-1.92000868089593e+00	-5.39593845370254e+00	-7.94496727758804e+00	6.64951397149832e+00	-1.12977866261187e+01	-1.45920085371121e+01
2.13289759400804e+06	-1.89110370405196e+00	-5.31284946522134e+00	-7.69962953831616e+00	6.44303891963149e+00	-1.08443250715427e+01	-1.38991344707194e+01
2.15759538413890e+06	-1.86244044030709e+00	-5.23122551223500e+00	-7.46281339383574e+00	6.24259817216951e+00	-1.04070308260186e+01	-1.32412406972455e+01
2.18257916120091e+06	-1.83402620864201e+00	-5.15104194272936e+00	-7.23420049133911e+00	6.04804741754961e+00	-9.98552090097025e+00	-1.26165191409390e+01
2.20785223676664e+06	-1.80586790677963e+00	-5.07227432147686e+00	-7.01348434766149e+00	5.85924373976855e+00	-9.57940338909243e+00	-1.20232525527247e+01
2.23341796075490e+06	-1.77797201971031e+00	-4.99489843589075e+00	-6.80036994771517e+00	5.67604574829637e+00	-9.18827964211352e+00	-1.14598104000201e+01
2.25927972187469e+06	-1.75034462897713e+00	-4.91889030365040e+00	-6.59457335581744e+00	5.49831369850791e+00	-8.81174625139205e+00	-1.09246449039911e+01
2.28544094807446e+06	-1.72299142134709e+00	-4.84422617774605e+00	-6.39582133306713e+00	5.32590959764557e+00	-8.44939683620005e+00	-1.04162872055843e+01
2.31190510699639e+06	-1.69591769796631e+00	-4.77088255236610e+00	-6.20385096745152e+00	5.15869730196575e+00	-8.10082365965983e+00	-9.93334367899594e+00
2.33867570643608e+06	-1.66912838379169e+00	-4.69883616912709e+00	-6.01840931474888e+00	4.99654260509951e+00	-7.76561908724314e+00	-9.47449238248143e+00
2.36575629480749e+06	-1.64262803635054e+00	-4.62806402067905e+00	-5.83925304499570e+00	4.83931331262166e+00	-7.44337688361589e+00	-9.03847963538662e+00
2.39315046161328e+06	-1.61642085512527e+00	-4.55854335572343e+00	-5.66614810278787e+00	4.68687931117509e+00	-7.13369337778965e+00	-8.62411673772536e+00
2.42086183792059e+06	-1.59051069133026e+00	-4.49025168493639e+00	-5.49886937787510e+00	4.53911262998894e+00	-6.83616849995648e+00	-8.23027682084487e+00
2.44889409684232e+06	-1.56490105664284e+00	-4.42316678308551e+00	-5.33720038116421e+00	4.39588749031250e+00	-6.55040669078685e+00	-7.85589181798409e+00
2.47725095402404e+06	-1.53959513284835e+00	-4.35726669379540e+00	-5.18093293357581e+00	4.25708035048969e+00	-6.27601770498689e+00	-7.49994956606251e+00
2.50593616813645e+06	-1.51459578103632e+00	-4.29252973250523e+00	-5.02986686281230e+00	4.12256994248859e+00	-6.01261731032452e+00	-7.16149102767029e+00
2.53495354137362e+06	-1.48990555107227e+00	-4.22893449011488e+00	-4.88380971021038e+00	3.99223730306468e+00	-5.75982789548633e+00	-6.83960763288610e+00
2.56430691995692e+06	-1.46552669082954e+00	-4.16645983551487e+00	-4.74257644627422e+00	3.86596579777845e+00	-5.51727898965721e+00	-6.53343873753288e+00
2.59400019464490e+06	-1.44146115543957e+00	-4.10508491817395e+00	-4.60598919438751e+00	3.74364113899242e+00	-5.28460770160246e+00	-6.24216919005565e+00
2.62403730124896e+06	-1.41771061650656e+00	-4.04478917026752e+00	-4.47387696440408e+00	3.62515139927611e+00	-5.06145909008863e+00	-5.96502701272100e+00
2.65442222115504e+06	-1.39427647119491e+00	-3.98555230855015e+00	-4.34607539327920e+00	3.51038701848085e+00	-4.84748646250691e+00	-5.70128118121555e+00
2.68515898185136e+06	-1.37115985156521e+00	-3.92735433664017e+00	-4.22242649679661e+00	3.39924080843872e+00	-4.64235162156662e+00	-5.45023951615664e+00
2.71625165746227e+06	-1.34836163327392e+00	-3.87017554551521e+00	-4.10277842596639e+00	3.29160795009076e+00	-4.44572504811064e+00	-5.21124666268196e+00
2.74770436928823e+06	-1.32588244470412e+00	-3.81399651525918e+00	-3.98698523432483e+00	3.18738598940813e+00	-4.25728604177122e+00	-4.98368217189707e+00
2.77952128635212e+06	-1.30372267578173e+00	-3.75879811583182e+00	-3.87490665187437e+00	3.08647482801459e+00	-4.07672281287965e+00	-4.76695867190227e+00
2.81170662595185e+06	-1.28188248665791e+00	-3.70456150752755e+00	-3.76640786673026e+00	2.98877671081165e+00	-3.90373253566439e+00	-4.56052012651551e+00
2.84426465421931e+06	-1.26036181635682e+00	-3.65126814140584e+00	-3.66135931435931e+00	2.89419621025447e+00	-3.73802136437335e+00	-4.36384017875173e+00
2.87719968668589e+06	-1.23916039130714e+00	-3.59889975944207e+00	-3.55963647452750e+00	2.80264020817916e+00	-3.57930441851401e+00	-4.17642057702321e+00
2.91051608885447e+06	-1.21827773384112e+00	-3.54743839477093e+00	-3.46111967513746e+00	2.71401787476714e+00	-3.42730573849801e+00	-3.99778967846486e+00
2.94421827677806e+06	-1.19771317026621e+00	-3.49686637077298e+00	-3.36569390220059e+00	2.62824064438392e+00	-3.28175821436655e+00	-3.82750102561705e+00
2.97831071764517e+06	-1.17746583915408e+00	-3.44716630092644e+00	-3.27324861816467e+00	2.54522219050829e+00	-3.14240349531545e+00	-3.66513199863852e+00
3.01279793037190e+06	-1.15753469932918e+00	-3.39832108809822e+00	-3.18367758562146e+00	2.46487839786040e+00	-3.00899187662178e+00	-3.51028253255223e+00
3.04768448620096e+06	-1.13791853768324e+00	-3.35031392343683e+00	-3.09687869754336e+00	2.38712733271293e+00	-2.88128217021388e+00	-3.36257390136378e+00
3.08297500930753e+06	-1.11861597697840e+00	-3.30312828546260e+00	-3.01275381441378e+00	2.31188921218752e+00	-2.75904156147857e+00	-3.22164756622951e+00
3.11867417741222e+06	-1.09962548329307e+00	-3.25674793844064e+00	-2.93120860631816e+00	2.23908637141245e+00	-2.64204545127850e+00	-3.08716408056855e+00
3.15478672240109e+06	-1.08094537371962e+00	-3.21115693169698e+00	-2.85215240246779e+00	2.16864323059710e+00	-2.53007729028535e+00	-2.95880205622974e+00
3.19131743095287e+06	-1.06257382327460e+00	-3.16633959687838e+00	-2.77549804429820e+00	2.10048625932932e+00	-2.42292840072507e+00	-2.83625717996293e+00
3.22827114517340e+06	-1.04450887232432e+00	-3.12228054714244e+00	-2.70116174606824e+00	2.03454394164763e+00	-2.32039779354833e+00	-2.71924128493142e+00
3.26565276323749e+06	-1.02674843334833e+00	-3.07896467458639e+00	-2.62906295937992e+00	1.97074673910876e+00	-2.22229197834539e+00	-2.60748146986674e+00
3.30346724003811e+06	-1.00929029790533e+00	-3.03637714869214e+00	-2.55912424398706e+00	1.90902705420027e+00	-2.12842476982230e+00	-2.50071926664701e+00
3.34171958784320e+06	-9.92132143110975e-01	-2.99450341362386e+00	-2.49127114223229e+00	1.84931919196021e+00	-2.03861708888752e+00	-2.39870985058410e+00
3.38041487696004e+06	-9.75271538245600e-01	-2.95332918625422e+00	-2.42543205992802e+00	1.79155932264262e+00	-1.95269676427759e+00	-2.30122129587172e+00
3.41955823640728e+06	-9.58705950997537e-01	-2.91284045351576e+00	-2.36153815049585e+00	1.73568544283075e+00	-1.87049833036287e+00	-2.20803386900224e+00
3.45915485459482e+06	-9.42432753667162e-01	-2.87302346997990e+00	-2.29952320440946e+00	1.68163733699485e+00	-1.79186282582607e+00	-2.11893936185251e+00
3.49920998001150e+06	-9.26449229170174e-01	-2.83386475520968e+00	-2.23932354299543e+00	1.62935653892187e+00	-1.71663759267685e+00	-2.03374046120821e+00
3.53972892192083e+06	-9.10752576748160e-01	-2.79535109063189e+00	-2.18087791570545e+00	1.57878629248106e+00	-1.64467607519484e+00	-1.95225015170751e+00
3.58071705106465e+06	-8.95339917829478e-01	-2.75746951728373e+00	-2.12412740262021e+00	1.52987151343576e+00	-1.57583762216895e+00	-1.87429115313830e+00
3.62217980037509e+06	-8.80208301419254e-01	-2.72020733251109e+00	-2.06901531982703e+00	1.48255875040915e+00	-1.50998728956585e+00	-1.79969538735373e+00
3.66412266569466e+06	-8.65354709295745e-01	-2.68355208647754e+00	-2.01548712861967e+00	1.43679614615584e+00	-1.44699564643575e+00	-1.72830347476282e+00
3.70655120650473e+06	-8.50776061667991e-01	-2.64749158056462e+00	-1.96349034998812e+00	1.39253340035689e+00	-1.38673858529970e+00	-1.65996426064346e+00
3.74947104666243e+06	-8.36469221604913e-01	-2.61201386235241e+00	-1.91297447959038e+00	1.34972173024172e+00	-1.32909713243313e+00	-1.59453436394067e+00
3.79288787514607e+06	-8.22431000307950e-01	-2.57710722364842e+00	-1.86389090904831e+00	1.30831383391099e+00	-1.27395726534421e+00	-1.53187775502363e+00
3.83680744680925e+06	-8.08658161713367e-01	-2.54276019688461e+00	-1.81619284894887e+00	1.26826385283231e+00	-1.22120973222359e+00	-1.47186535479322e+00
3.88123558314361e+06	-7.95147427050214e-01	-2.50896155182778e+00	-1.76983525517215e+00	1.22952733491756e+00	-1.17074987562221e+00	-1.41437465629102e+00
3.92617817305052e+06	-7.81895479130469e-01	-2.47570029182680e+00	-1.72477475811929e+00	1.19206119788376e+00	-1.12247746034635e+00	-1.35928936766197e+00
3.97164117362157e+06	-7.68898966755188e-01	-2.44296565089847e+00	-1.68096959554044e+00	1.15582369376774e+00	-1.07629650663952e+00	-1.30649907567822e+00
4.01763061092825e+06	-7.56154508836277e-01	-2.41074709035451e+00	-1.63837954764809e+00	1.12077437348083e+00	-1.03211512693986e+00	-1.25589892746936e+00
4.06415258082066e+06	-7.43658698164018e-01	-2.37903429475522e+00	-1.59696587431885e+00	1.08687405148602e+00	-9.89845366716733e-01	-1.20738932938449e+00
4.11121324973552e+06	-7.31408105369852e-01	-2.34781716887137e+00	-1.55669125607390e+00	1.05408477196049e+00	-9.49403051292476e-01	-1.16087566426602e+00
4.15881885551352e+06	-7.19399282588140e-01	-2.31708583417658e+00	-1.51751973672065e+00	1.02236977492894e+00	-9.10707636188891e-01	-1.11626802342976e+00
4.20697570822614e+06	-7.07628766895801e-01	-2.28683062502718e+00	-1.47941666841759e+00	9.91693463018288e-01	-8.73682062350587e-01	-1.07348095391044e+00
4.25569019101205e+06	-6.96093083745241e-01	-2.25704208527123e+00	-1.44234865928599e+00	9.62021369049592e-01	-8.38252616044814e-01	-1.03243321997283e+00
4.30496876092318e+06	-6.84788750205189e-01	-2.22771096466247e+00	-1.40628352295784e+00	9.33320124035272e-01	-8.04348793106529e-01	-9.93047577808081e-01
4.35481794978058e+06	-6.73712278166522e-01	-2.19882821556967e+00	-1.37119023064451e+00	9.05557426163079e-01	-7.71903168287143e-01	-9.55250563349391e-01
4.40524436504025e+06	-6.62860177170406e-01	-2.17038498891035e+00	-1.33703886449656e+00	8.78702009837868e-01	-7.40851268205472e-01	-9.18972291149818e-01
4.45625469066891e+06	-6.52228957347692e-01	-2.14237263086622e+00	-1.30380057343163e+00	8.52723615818802e-01	-7.11131449197168e-01	-8.84146264940963e-01
4.50785568802997e+06	-6.41815132257708e-01	-2.11478267964916e+00	-1.27144753102246e+00	8.27592962117884e-01	-6.82684779778089e-01	-8.50709199181663e-01
4.56005419677973e+06	-6.31615221213824e-01	-2.08760686105056e+00	-1.23995289409204e+00	8.03281714753006e-01	-6.55454926303166e-01	-8.18600849410013e-01
4.61285713577400e+06	-6.21625752132581e-01	-2.06083708605248e+00	-1.20929076464868e+00	7.79762460417668e-01	-6.29388044383043e-01	-7.87763853684492e-01
4.66627150398515e+06	-6.11843263557017e-01	-2.03446544621849e+00	-1.17943615157869e+00	7.57008678354144e-01	-6.04432672374929e-01	-7.58143580851063e-01
4.72030438142981e+06	-6.02264307236024e-01	-2.00848421117977e+00	-1.15036493578656e+00	7.34994714293678e-01	-5.80539630994342e-01	-7.29687989463422e-01
4.77496293010738e+06	-5.92885449951146e-01	-1.98288582417484e+00	-1.12205383505113e+00	7.13695753721384e-01	-5.57661924714707e-01	-7.02347492344918e-01
4.83025439494927e+06	-5.83703275833127e-01	-1.95766289944798e+00	-1.09448037192323e+00	6.93087796946193e-01	-5.35754648741459e-01	-6.76074830615291e-01
4.88618610477925e+06	-5.74714388085107e-01	-1.93280821820165e+00	-1.06762284165137e+00	6.73147633874461e-01	-5.14774898227341e-01	-6.50824953013800e-01
4.94276547328490e+06	-5.65915410918804e-01	-1.90831472550232e+00	-1.04146028239477e+00	6.53852820016366e-01	-4.94681681933475e-01	-6.26554903124143e-01
5.00000000000000e+06	-5.57302991177186e-01	-1.88417552660212e+00	-1.01597244604552e+00	6.35181652746658e-01	-4.75435838877546e-01	-6.03223711999281e-01
