time	V(v0)	V(v3)
0.000000000000000e+00	0.000000e+00	-1.362162e-05
4.750735552154281e-08	1.825305e-08	-1.332512e-05
9.501471104308562e-08	3.623671e-08	-1.326830e-05
1.425220665646284e-07	5.395096e-08	-1.345116e-05
1.900294220861712e-07	7.139582e-08	-1.387370e-05
2.375367776077141e-07	8.857128e-08	-1.453592e-05
2.850441331292568e-07	1.054773e-07	-1.543781e-05
3.325514886507995e-07	1.221140e-07	-1.657938e-05
3.845877108169562e-07	1.395879e-07	-1.923337e-05
4.557095248527387e-07	1.623352e-07	-2.496695e-05
5.464115605522390e-07	1.891480e-07	-3.656849e-05
6.593265996147390e-07	2.185540e-07	-5.702716e-05
7.263429934981994e-07	2.338021e-07	-7.686079e-05
7.933593873816599e-07	2.470285e-07	-9.897663e-05
8.603757812651202e-07	2.582331e-07	-1.233747e-04
9.273921751485807e-07	2.674159e-07	-1.500549e-04
9.944085690320409e-07	2.745770e-07	-1.790174e-04
1.061424962915501e-06	2.797163e-07	-2.102621e-04
1.128441356798962e-06	2.828339e-07	-2.437890e-04
1.226097606798962e-06	2.834344e-07	-2.850581e-04
1.323753856798962e-06	2.796893e-07	-3.167623e-04
1.421410106798962e-06	2.717994e-07	-3.322174e-04
1.519066356798962e-06	2.600479e-07	-3.240972e-04
1.616722606798962e-06	2.447932e-07	-2.846420e-04
1.714378856798962e-06	2.264599e-07	-2.059307e-04
1.812035106798962e-06	2.055284e-07	-8.016517e-05
1.909691356798962e-06	1.825234e-07	1.000460e-04
2.007347606798962e-06	1.580013e-07	3.414119e-04
2.105003856798961e-06	1.325370e-07	6.497008e-04
2.202660106798961e-06	1.067106e-07	1.029507e-03
2.300316356798961e-06	8.109365e-08	1.484046e-03
2.397972606798961e-06	5.623600e-08	2.014994e-03
2.495628856798961e-06	3.265332e-08	2.622354e-03
2.593285106798961e-06	1.081530e-08	3.304380e-03
2.690941356798960e-06	-8.864821e-09	4.057540e-03
2.788597606798960e-06	-2.603934e-08	4.876520e-03
2.886253856798960e-06	-4.043359e-08	5.750976e-03
2.928555478583990e-06	-4.576213e-08	6.146384e-03
2.970857100369019e-06	-5.050834e-08	6.549484e-03
3.013158722154049e-06	-5.467221e-08	6.960276e-03
3.055460343939079e-06	-5.825375e-08	7.378761e-03
3.097761965724108e-06	-6.125295e-08	7.804938e-03
3.140063587509138e-06	-6.366981e-08	8.238808e-03
3.182365209294167e-06	-6.550435e-08	8.680371e-03
3.280021459294167e-06	-6.755095e-08	9.693569e-03
3.377677709294167e-06	-6.667373e-08	1.070825e-02
3.475333959294167e-06	-6.308783e-08	1.171095e-02
3.526525834206974e-06	-6.005381e-08	1.223877e-02
3.577717709119780e-06	-5.655047e-08	1.275044e-02
3.628909584032587e-06	-5.257784e-08	1.324596e-02
3.680101458945394e-06	-4.813590e-08	1.372532e-02
3.731293333858201e-06	-4.322465e-08	1.418852e-02
3.782485208771007e-06	-3.784409e-08	1.463557e-02
3.833677083683814e-06	-3.199424e-08	1.506646e-02
3.931333333683814e-06	-2.045187e-08	1.581571e-02
4.028989583683815e-06	-8.485087e-09	1.648472e-02
4.126645833683815e-06	3.407861e-09	1.705320e-02
4.224302083683815e-06	1.473215e-08	1.751153e-02
4.321958333683815e-06	2.500934e-08	1.785164e-02
4.419614583683816e-06	3.378986e-08	1.806717e-02
4.517270833683816e-06	4.066495e-08	1.815355e-02
4.614927083683816e-06	4.527741e-08	1.810806e-02
4.712583333683816e-06	4.733126e-08	1.792984e-02
4.810239583683817e-06	4.659983e-08	1.761991e-02
4.971384266524827e-06	3.893587e-08	1.684299e-02
5.140339498700899e-06	2.214364e-08	1.564829e-02
5.237995748700899e-06	8.516002e-09	1.481325e-02
5.335651998700900e-06	-7.743863e-09	1.388106e-02
5.433308248700900e-06	-2.635079e-08	1.285962e-02
5.530964498700900e-06	-4.694889e-08	1.175935e-02
5.628620748700900e-06	-6.911942e-08	1.059109e-02
5.726276998700901e-06	-9.239024e-08	9.365803e-03
5.823933248700901e-06	-1.162466e-07	8.094339e-03
5.921589498700901e-06	-1.401428e-07	6.787233e-03
6.019245748700901e-06	-1.635155e-07	5.454462e-03
6.116901998700902e-06	-1.857963e-07	4.105269e-03
6.214558248700902e-06	-2.064257e-07	2.747983e-03
6.262296460196438e-06	-2.158581e-07	2.081514e-03
6.310034671691973e-06	-2.245781e-07	1.417403e-03
6.357772883187509e-06	-2.325856e-07	7.556517e-04
6.405511094683045e-06	-2.398806e-07	9.625955e-05
6.453249306178580e-06	-2.464631e-07	-5.607735e-04
6.500987517674116e-06	-2.523331e-07	-1.215447e-03
6.548725729169652e-06	-2.574906e-07	-1.867762e-03
6.744038229169652e-06	-2.684234e-07	-4.493856e-03
6.808850487436831e-06	-2.684209e-07	-5.350896e-03
6.873662745704010e-06	-2.665072e-07	-6.200206e-03
6.938475003971189e-06	-2.626822e-07	-7.041788e-03
7.003287262238368e-06	-2.569460e-07	-7.875640e-03
7.068099520505547e-06	-2.492986e-07	-8.701764e-03
7.132911778772726e-06	-2.397399e-07	-9.520160e-03
7.197724037039905e-06	-2.282699e-07	-1.033083e-02
7.295380287039905e-06	-2.077254e-07	-1.154980e-02
7.393036537039905e-06	-1.834220e-07	-1.276137e-02
7.490692787039906e-06	-1.557282e-07	-1.396853e-02
7.588349037039906e-06	-1.250864e-07	-1.517401e-02
7.686005287039905e-06	-9.200380e-08	-1.638014e-02
7.783661537039905e-06	-5.704193e-08	-1.758855e-02
7.881317787039904e-06	-2.080469e-08	-1.880003e-02
7.978974037039904e-06	1.607444e-08	-2.001430e-02
8.076630287039903e-06	5.294596e-08	-2.122992e-02
8.174286537039902e-06	8.915831e-08	-2.244407e-02
8.271942787039902e-06	1.240717e-07	-2.365255e-02
8.369599037039901e-06	1.570722e-07	-2.484966e-02
8.467255287039901e-06	1.875843e-07	-2.602824e-02
8.564911537039900e-06	2.150837e-07	-2.717964e-02
8.662567787039899e-06	2.391083e-07	-2.829383e-02
8.760224037039899e-06	2.592678e-07	-2.935950e-02
8.870087318289899e-06	2.769443e-07	-3.050297e-02
8.905846699175431e-06	2.815099e-07	-3.085415e-02
8.941606080060964e-06	2.854650e-07	-3.119155e-02
8.977365460946496e-06	2.888096e-07	-3.151519e-02
9.013124841832029e-06	2.915439e-07	-3.182506e-02
9.048884222717561e-06	2.936676e-07	-3.212116e-02
9.084643603603093e-06	2.951810e-07	-3.240349e-02
9.120402984488626e-06	2.960839e-07	-3.267206e-02
9.218059234488625e-06	2.954399e-07	-3.331731e-02
9.315715484488625e-06	2.903643e-07	-3.384811e-02
9.413371734488624e-06	2.810611e-07	-3.423627e-02
9.511027984488624e-06	2.678180e-07	-3.446788e-02
9.608684234488623e-06	2.509984e-07	-3.452991e-02
9.706340484488622e-06	2.310332e-07	-3.441058e-02
9.803996734488622e-06	2.084102e-07	-3.409956e-02
9.901652984488621e-06	1.836626e-07	-3.358831e-02
9.999309234488621e-06	1.573562e-07	-3.287024e-02
1.009696548448862e-05	1.300767e-07	-3.194105e-02
1.019462173448862e-05	1.024156e-07	-3.079874e-02
1.029227798448862e-05	7.495713e-08	-2.944390e-02
1.038993423448862e-05	4.826455e-08	-2.787969e-02
1.048759048448862e-05	2.286759e-08	-2.611194e-02
1.058524673448862e-05	-7.494458e-10	-2.414911e-02
1.068290298448862e-05	-2.215832e-08	-2.200227e-02
1.078055923448862e-05	-4.099616e-08	-1.968497e-02
1.087821548448862e-05	-5.697312e-08	-1.722054e-02
1.095337209158517e-05	-6.718535e-08	-1.522546e-02
1.104264308325336e-05	-7.686437e-08	-1.275669e-02
1.112941649101780e-05	-8.367775e-08	-1.027729e-02
1.122707274101780e-05	-8.829666e-08	-7.410534e-03
1.132472899101779e-05	-8.977449e-08	-4.487917e-03
1.137904755529653e-05	-8.920806e-08	-2.839677e-03
1.143336611957527e-05	-8.787695e-08	-1.193567e-03
1.148768468385401e-05	-8.578116e-08	4.504136e-04
1.154200324813275e-05	-8.292069e-08	2.092265e-03
1.159632181241149e-05	-7.929555e-08	3.731986e-03
1.165064037669023e-05	-7.490572e-08	5.369578e-03
1.170495894096896e-05	-6.975122e-08	7.005040e-03
1.174949553154514e-05	-6.517433e-08	8.326748e-03
1.179403212212131e-05	-6.040994e-08	9.625974e-03
1.183856871269748e-05	-5.545807e-08	1.090272e-02
1.188310530327365e-05	-5.031870e-08	1.215698e-02
1.192764189384982e-05	-4.499184e-08	1.338876e-02
1.197217848442599e-05	-3.947749e-08	1.459806e-02
1.201671507500217e-05	-3.377564e-08	1.578487e-02
1.211437132500217e-05	-2.146350e-08	1.827276e-02
1.221202757500216e-05	-9.514205e-09	2.062627e-02
1.230968382500216e-05	1.587791e-09	2.281307e-02
1.240734007500216e-05	1.138452e-08	2.481901e-02
1.250499632500216e-05	1.945650e-08	2.663227e-02
1.260265257500216e-05	2.543372e-08	2.824346e-02
1.270030882500216e-05	2.900548e-08	2.964569e-02
1.279796507500216e-05	2.992871e-08	3.083452e-02
1.289562132500216e-05	2.803467e-08	3.182636e-02
1.295984507070433e-05	2.520681e-08	3.235357e-02
1.304505843063074e-05	1.950310e-08	3.289293e-02
1.313334584625227e-05	1.127664e-08	3.328882e-02
1.323100209625227e-05	-4.654461e-10	3.353322e-02
1.332865834625227e-05	-1.479535e-08	3.358437e-02
1.342631459625227e-05	-3.144400e-08	3.344589e-02
1.352397084625226e-05	-5.007146e-08	3.312764e-02
1.362162709625226e-05	-7.027455e-08	3.264046e-02
1.371928334625226e-05	-9.159610e-08	3.199589e-02
1.381693959625226e-05	-1.135356e-07	3.120593e-02
1.391459584625226e-05	-1.355611e-07	3.028272e-02
1.401225209625226e-05	-1.571214e-07	2.923837e-02
1.410990834625226e-05	-1.776597e-07	2.808467e-02
1.420756459625226e-05	-1.966266e-07	2.683293e-02
1.430522084625226e-05	-2.134937e-07	2.549379e-02
1.440287709625226e-05	-2.277662e-07	2.407708e-02
1.450053334625226e-05	-2.389956e-07	2.259170e-02
1.469584584625226e-05	-2.508262e-07	1.944574e-02
1.489115834625226e-05	-2.467104e-07	1.611033e-02
1.504443961800330e-05	-2.316316e-07	1.337856e-02
1.513233918234486e-05	-2.183050e-07	1.177356e-02
1.522999543234486e-05	-1.996498e-07	9.960707e-03
1.532765168234486e-05	-1.771715e-07	8.119174e-03
1.542530793234486e-05	-1.511888e-07	6.250061e-03
1.552296418234486e-05	-1.220985e-07	4.355287e-03
1.565724152609486e-05	-7.789424e-08	1.716726e-03
1.569151930581026e-05	-6.594637e-08	1.035029e-03
1.572579708552566e-05	-5.384246e-08	3.512128e-04
1.576007486524106e-05	-4.158249e-08	-3.347216e-04
1.579435264495647e-05	-2.916647e-08	-1.022775e-03
1.582863042467187e-05	-1.659439e-08	-1.712946e-03
1.586290820438727e-05	-3.866253e-09	-2.405236e-03
1.589718598410267e-05	9.017935e-09	-3.099644e-03
1.600704926535267e-05	5.016368e-08	-5.325951e-03
1.604538697287220e-05	6.452510e-08	-6.106370e-03
1.608372468039173e-05	7.871110e-08	-6.885732e-03
1.612206238791126e-05	9.272168e-08	-7.664038e-03
1.616040009543080e-05	1.065568e-07	-8.441288e-03
1.619873780295033e-05	1.202166e-07	-9.217482e-03
1.623707551046986e-05	1.337009e-07	-9.992619e-03
1.627541321798939e-05	1.470098e-07	-1.076670e-02
1.637306946798939e-05	1.790457e-07	-1.272106e-02
1.647072571798939e-05	2.084452e-07	-1.464663e-02
1.656838196798939e-05	2.346923e-07	-1.653188e-02
1.666603821798939e-05	2.573341e-07	-1.836414e-02
1.670774103345395e-05	2.658591e-07	-1.913985e-02
1.674944384891852e-05	2.735818e-07	-1.989690e-02
1.679114666438308e-05	2.805020e-07	-2.063528e-02
1.683284947984764e-05	2.866198e-07	-2.135500e-02
1.687455229531221e-05	2.919352e-07	-2.205606e-02
1.691625511077677e-05	2.964482e-07	-2.273845e-02
1.695795792624134e-05	3.001588e-07	-2.340219e-02
1.704435454357669e-05	3.050941e-07	-2.470651e-02
1.713220078401316e-05	3.063829e-07	-2.593743e-02
1.722985703401316e-05	3.034485e-07	-2.717188e-02
1.732751328401315e-05	2.960507e-07	-2.825382e-02
1.742516953401315e-05	2.844153e-07	-2.916488e-02
1.752282578401315e-05	2.688505e-07	-2.989093e-02
1.762048203401315e-05	2.497403e-07	-3.041897e-02
1.771813828401315e-05	2.275344e-07	-3.073746e-02
1.781579453401315e-05	2.027385e-07	-3.083661e-02
1.791345078401315e-05	1.759020e-07	-3.070856e-02
1.801110703401315e-05	1.476054e-07	-3.034769e-02
1.810876328401315e-05	1.184471e-07	-2.975072e-02
1.820641953401315e-05	8.902973e-08	-2.891697e-02
1.830407578401315e-05	5.994627e-08	-2.784839e-02
1.840173203401315e-05	3.176706e-08	-2.654963e-02
1.849938828401315e-05	5.026922e-09	-2.502813e-02
1.859704453401315e-05	-1.978661e-08	-2.329401e-02
1.869470078401315e-05	-4.224385e-08	-2.136005e-02
1.879235703401315e-05	-6.198211e-08	-1.924154e-02
1.889001328401314e-05	-7.871321e-08	-1.696683e-02
1.904428080265507e-05	-9.853978e-08	-1.305903e-02
1.913208082252570e-05	-1.060816e-07	-1.070396e-02
1.922973707252570e-05	-1.112749e-07	-8.000488e-03
1.932739332252570e-05	-1.131896e-07	-5.233860e-03
1.938276092855248e-05	-1.127732e-07	-3.637579e-03
1.943812853457927e-05	-1.115258e-07	-2.043034e-03
1.949349614060605e-05	-1.094472e-07	-4.502263e-04
1.954886374663284e-05	-1.065375e-07	1.140845e-03
1.960423135265963e-05	-1.027967e-07	2.730180e-03
1.965959895868641e-05	-9.822483e-08	4.317778e-03
1.971496656471320e-05	-9.282184e-08	5.903639e-03
1.977596084920678e-05	-8.630076e-08	7.616218e-03
1.983695513370036e-05	-7.944210e-08	9.284615e-03
1.989794941819394e-05	-7.224585e-08	1.090883e-02
1.995894370268752e-05	-6.471203e-08	1.248886e-02
2.001993798718110e-05	-5.684062e-08	1.402471e-02
2.008093227167468e-05	-4.863163e-08	1.551638e-02
2.014192655616827e-05	-4.008506e-08	1.696387e-02
2.023958280616827e-05	-2.749492e-08	1.913532e-02
2.033723905616826e-05	-1.575370e-08	2.113424e-02
2.043489530616826e-05	-5.315607e-09	2.294681e-02
2.053255155616826e-05	3.406054e-09	2.456174e-02
2.063020780616826e-05	1.004965e-08	2.597028e-02
2.072786405616826e-05	1.431466e-08	2.716631e-02
2.082552030616826e-05	1.596964e-08	2.814629e-02
2.092317655616826e-05	1.485846e-08	2.892865e-02
2.105461876633220e-05	8.873572e-09	2.961258e-02
2.114889466367876e-05	1.432325e-09	2.985481e-02
2.124655091367876e-05	-8.931908e-09	2.991897e-02
2.134420716367876e-05	-2.180697e-08	2.978890e-02
2.144186341367876e-05	-3.692342e-08	2.947243e-02
2.153951966367876e-05	-5.394225e-08	2.898049e-02
2.163717591367875e-05	-7.246265e-08	2.832497e-02
2.173483216367875e-05	-9.203150e-08	2.751850e-02
2.183248841367875e-05	-1.121541e-07	2.657413e-02
2.193014466367875e-05	-1.323060e-07	2.550508e-02
2.202780091367875e-05	-1.519457e-07	2.432448e-02
2.212545716367875e-05	-1.705275e-07	2.304515e-02
2.222311341367875e-05	-1.875155e-07	2.167936e-02
2.232076966367875e-05	-2.023959e-07	2.023870e-02
2.241842591367875e-05	-2.146906e-07	1.873387e-02
2.251608216367875e-05	-2.239686e-07	1.717464e-02
2.271139466367875e-05	-2.320525e-07	1.392681e-02
2.290670716367875e-05	-2.245316e-07	1.055406e-02
2.304863730145460e-05	-2.087603e-07	8.045430e-03
2.313916729915824e-05	-1.942143e-07	6.426944e-03
2.323682354915824e-05	-1.747673e-07	4.668932e-03
2.333447979915824e-05	-1.516612e-07	2.900339e-03
2.339254494110857e-05	-1.361742e-07	1.844572e-03
2.345061008305891e-05	-1.198023e-07	7.868604e-04
2.350867522500924e-05	-1.025454e-07	-2.727969e-04
2.356674036695957e-05	-8.440352e-08	-1.334400e-03
2.362480550890991e-05	-6.537669e-08	-2.397948e-03
2.368287065086024e-05	-4.546490e-08	-3.463442e-03
2.374093579281058e-05	-2.466815e-08	-4.530881e-03
2.378657592081002e-05	-8.185563e-09	-5.369218e-03
2.383221604880946e-05	8.358792e-09	-6.205704e-03
2.387785617680890e-05	2.496492e-08	-7.040337e-03
2.392349630480834e-05	4.163282e-08	-7.873118e-03
2.396913643280779e-05	5.836249e-08	-8.704047e-03
2.401477656080723e-05	7.515393e-08	-9.533124e-03
2.406041668880667e-05	9.200715e-08	-1.036035e-02
2.415807293880667e-05	1.269406e-07	-1.211556e-02
2.425572918880667e-05	1.604103e-07	-1.384741e-02
2.435338543880667e-05	1.918076e-07	-1.554798e-02
2.445104168880667e-05	2.205619e-07	-1.720822e-02
2.454869793880667e-05	2.461532e-07	-1.881799e-02
2.465856122005666e-05	2.705950e-07	-2.057260e-02
2.470019521224227e-05	2.785724e-07	-2.121125e-02
2.474182920442788e-05	2.857464e-07	-2.183150e-02
2.478346319661349e-05	2.921170e-07	-2.243335e-02
2.482509718879909e-05	2.976841e-07	-2.301680e-02
2.486673118098470e-05	3.024479e-07	-2.358185e-02
2.490836517317031e-05	3.064082e-07	-2.412850e-02
2.494999916535592e-05	3.095651e-07	-2.465674e-02
2.504138332645275e-05	3.133921e-07	-2.574478e-02
2.512736692882408e-05	3.132357e-07	-2.666430e-02
2.522502317882408e-05	3.086916e-07	-2.757243e-02
2.532267942882408e-05	2.996446e-07	-2.832894e-02
2.542033567882408e-05	2.863274e-07	-2.891646e-02
2.551799192882408e-05	2.690562e-07	-2.932257e-02
2.561564817882408e-05	2.482228e-07	-2.953600e-02
2.571330442882408e-05	2.242859e-07	-2.954689e-02
2.581096067882408e-05	1.977599e-07	-2.934710e-02
2.590861692882408e-05	1.692039e-07	-2.893041e-02
2.604289427257408e-05	1.277127e-07	-2.804332e-02
2.612834349132408e-05	1.006171e-07	-2.722740e-02
2.627482786632408e-05	5.427494e-08	-2.539044e-02
2.637248411632408e-05	2.428932e-08	-2.392910e-02
2.647014036632408e-05	-4.315613e-09	-2.226136e-02
2.656779661632408e-05	-3.102849e-08	-2.039780e-02
2.666545286632408e-05	-5.539340e-08	-1.835160e-02
2.676310911632408e-05	-7.701958e-08	-1.613832e-02
2.686076536632408e-05	-9.558942e-08	-1.377940e-02
2.694687126669091e-05	-1.092357e-07	-1.158900e-02
2.704021429916776e-05	-1.210088e-07	-9.116336e-03
2.712546488799482e-05	-1.289580e-07	-6.786897e-03
2.722312113799482e-05	-1.347753e-07	-4.055923e-03
2.727513725999538e-05	-1.364047e-07	-2.579048e-03
2.732715338199594e-05	-1.371567e-07	-1.101641e-03
2.737916950399649e-05	-1.370311e-07	3.762978e-04
2.743118562599706e-05	-1.360281e-07	1.854769e-03
2.748320174799761e-05	-1.341475e-07	3.333771e-03
2.753521786999817e-05	-1.313894e-07	4.813306e-03
2.758723399199873e-05	-1.277538e-07	6.293372e-03
2.765038766762303e-05	-1.224285e-07	8.058780e-03
2.771354134324733e-05	-1.164353e-07	9.778715e-03
2.777669501887163e-05	-1.097743e-07	1.145318e-02
2.783984869449593e-05	-1.024454e-07	1.308216e-02
2.790300237012023e-05	-9.444865e-08	1.466568e-02
2.796615604574453e-05	-8.578407e-08	1.620372e-02
2.802930972136883e-05	-7.645163e-08	1.769629e-02
2.812696597136883e-05	-6.255128e-08	1.985082e-02
2.822462222136883e-05	-4.881428e-08	2.183062e-02
2.832227847136883e-05	-3.573393e-08	2.362034e-02
2.841993472136883e-05	-2.377694e-08	2.520717e-02
2.851759097136883e-05	-1.337157e-08	2.658084e-02
2.861524722136883e-05	-4.896638e-09	2.773380e-02
2.871290347136883e-05	1.328234e-09	2.866118e-02
2.881055972136883e-05	5.050835e-09	2.936082e-02
2.890821597136883e-05	6.092959e-09	2.985254e-02
2.904955208239964e-05	2.670324e-09	3.013422e-02
2.914065514558734e-05	-2.628158e-09	3.006765e-02
2.923831139558734e-05	-1.090262e-08	2.980284e-02
2.933596764558734e-05	-2.168909e-08	2.934321e-02
2.943362389558734e-05	-3.473594e-08	2.869678e-02
2.953128014558734e-05	-4.972141e-08	2.787640e-02
2.962893639558734e-05	-6.626122e-08	2.689597e-02
2.972659264558734e-05	-8.391777e-08	2.577006e-02
2.982424889558734e-05	-1.022108e-07	2.451371e-02
2.992190514558734e-05	-1.206290e-07	2.314206e-02
3.001956139558734e-05	-1.386426e-07	2.167015e-02
3.011721764558734e-05	-1.557163e-07	2.011263e-02
3.021487389558734e-05	-1.713225e-07	1.848358e-02
3.031253014558734e-05	-1.849549e-07	1.679628e-02
3.041018639558733e-05	-1.961405e-07	1.506305e-02
3.050784264558733e-05	-2.044523e-07	1.329516e-02
3.070315514558734e-05	-2.110405e-07	9.694720e-03
3.089846764558734e-05	-2.026043e-07	6.061070e-03
3.104545295259373e-05	-1.857948e-07	3.334998e-03
3.112760999705603e-05	-1.722732e-07	1.817884e-03
3.120976704151833e-05	-1.564514e-07	3.133260e-04
3.129192408598062e-05	-1.383293e-07	-1.178674e-03
3.137408113044293e-05	-1.179070e-07	-2.658118e-03
3.145623817490523e-05	-9.518446e-08	-4.125004e-03
3.153839521936752e-05	-7.016168e-08	-5.579333e-03
3.162055226382982e-05	-4.283866e-08	-7.021105e-03
3.170600148257982e-05	-1.391975e-08	-8.495113e-03
3.180365773257982e-05	2.034579e-08	-1.015517e-02
3.190131398257982e-05	5.532706e-08	-1.178977e-02
3.199897023257983e-05	9.039507e-08	-1.339244e-02
3.209662648257983e-05	1.249102e-07	-1.495912e-02
3.219428273257983e-05	1.582363e-07	-1.648484e-02
3.229193898257983e-05	1.897542e-07	-1.796370e-02
3.238959523257984e-05	2.188755e-07	-1.938879e-02
3.248725148257984e-05	2.450553e-07	-2.075221e-02
3.252733305170651e-05	2.549010e-07	-2.130344e-02
3.256741462083319e-05	2.640703e-07	-2.183775e-02
3.260749618995986e-05	2.725632e-07	-2.235515e-02
3.264757775908653e-05	2.803798e-07	-2.285563e-02
3.268765932821320e-05	2.875200e-07	-2.333920e-02
3.272774089733988e-05	2.939839e-07	-2.380586e-02
3.276782246646655e-05	2.997714e-07	-2.425561e-02
3.286547871646655e-05	3.105782e-07	-2.528053e-02
3.294862875703689e-05	3.161396e-07	-2.607337e-02
3.304087124327050e-05	3.183100e-07	-2.684645e-02
3.312653376547807e-05	3.165465e-07	-2.745582e-02
3.322419001547807e-05	3.101580e-07	-2.801121e-02
3.332184626547807e-05	2.992562e-07	-2.841410e-02
3.341950251547807e-05	2.840848e-07	-2.864904e-02
3.351715876547808e-05	2.649711e-07	-2.870568e-02
3.361481501547808e-05	2.423178e-07	-2.857484e-02
3.371247126547808e-05	2.165942e-07	-2.824872e-02
3.381012751547809e-05	1.883259e-07	-2.772118e-02
3.390778376547809e-05	1.580821e-07	-2.698795e-02
3.400544001547809e-05	1.264637e-07	-2.604686e-02
3.413971735922809e-05	8.188131e-08	-2.445695e-02
3.428620173422809e-05	3.351056e-08	-2.219208e-02
3.438385798422810e-05	2.387474e-09	-2.046801e-02
3.448151423422810e-05	-2.717887e-08	-1.855963e-02
3.457917048422810e-05	-5.467588e-08	-1.647911e-02
3.467682673422811e-05	-7.964839e-08	-1.424106e-02
3.477448298422811e-05	-1.017082e-07	-1.186235e-02
3.487213923422811e-05	-1.205418e-07	-9.366368e-03
3.495111017193452e-05	-1.332507e-07	-7.270126e-03
3.512804219811759e-05	-1.531452e-07	-2.396971e-03
3.517730628851937e-05	-1.564937e-07	-9.996764e-04
3.522657037892115e-05	-1.589646e-07	3.964863e-04
3.527583446932294e-05	-1.605581e-07	1.791517e-03
3.532509855972472e-05	-1.612741e-07	3.185417e-03
3.537436265012651e-05	-1.611126e-07	4.578185e-03
3.542362674052829e-05	-1.600735e-07	5.969821e-03
3.547289083093007e-05	-1.581571e-07	7.360325e-03
3.553717188583556e-05	-1.544352e-07	9.152873e-03
3.560145294074105e-05	-1.497491e-07	1.089850e-02
3.566573399564653e-05	-1.440988e-07	1.259720e-02
3.573001505055201e-05	-1.374843e-07	1.424897e-02
3.579429610545749e-05	-1.299055e-07	1.585383e-02
3.585857716036298e-05	-1.213625e-07	1.741176e-02
3.592285821526846e-05	-1.118553e-07	1.892276e-02
3.602051446526847e-05	-9.731688e-08	2.106174e-02
3.611817071526847e-05	-8.226773e-08	2.302305e-02
3.621582696526847e-05	-6.722281e-08	2.479016e-02
3.631348321526847e-05	-5.268501e-08	2.634893e-02
3.641113946526848e-05	-3.913246e-08	2.768786e-02
3.650879571526848e-05	-2.700645e-08	2.879811e-02
3.660645196526848e-05	-1.670030e-08	2.967362e-02
3.670410821526849e-05	-8.549466e-09	3.031114e-02
3.680176446526849e-05	-2.823082e-09	3.071017e-02
3.689942071526849e-05	2.828471e-10	3.089396e-02
3.704558503543413e-05	-1.994915e-10	3.069730e-02
3.713420248848677e-05	-3.510052e-09	3.033477e-02
3.723185873848678e-05	-9.719052e-09	2.973740e-02
3.732951498848678e-05	-1.845749e-08	2.894628e-02
3.742717123848678e-05	-2.949027e-08	2.797002e-02
3.752482748848678e-05	-4.251158e-08	2.682352e-02
3.762248373848679e-05	-5.715238e-08	2.552267e-02
3.772013998848679e-05	-7.298947e-08	2.408407e-02
3.781779623848679e-05	-8.955588e-08	2.252470e-02
3.791545248848680e-05	-1.063525e-07	2.086163e-02
3.801310873848680e-05	-1.228603e-07	1.911174e-02
3.811076498848680e-05	-1.385537e-07	1.729148e-02
3.820842123848680e-05	-1.529130e-07	1.541660e-02
3.830607748848681e-05	-1.654385e-07	1.350198e-02
3.840373373848681e-05	-1.756625e-07	1.156143e-02
3.850138998848681e-05	-1.831614e-07	9.607604e-03
3.859904623848682e-05	-1.875674e-07	7.651836e-03
3.869670248848682e-05	-1.885775e-07	5.704150e-03
3.890422201973682e-05	-1.785048e-07	1.622609e-03
3.897609021811181e-05	-1.707799e-07	2.386148e-04
3.904795841648679e-05	-1.611560e-07	-1.123580e-03
3.911982661486178e-05	-1.496333e-07	-2.463974e-03
3.919169481323676e-05	-1.362117e-07	-3.782568e-03
3.926356301161175e-05	-1.208912e-07	-5.079363e-03
3.933543120998673e-05	-1.036719e-07	-6.354358e-03
3.940729940836172e-05	-8.455371e-08	-7.607552e-03
3.945612753336172e-05	-7.084915e-08	-8.437853e-03
3.955378378336173e-05	-4.160061e-08	-1.006567e-02
3.965144003336173e-05	-1.030845e-08	-1.165100e-02
3.974909628336173e-05	2.248983e-08	-1.318667e-02
3.984675253336173e-05	5.621355e-08	-1.467115e-02
3.994440878336174e-05	9.025133e-08	-1.610253e-02
4.004206503336174e-05	1.239744e-07	-1.747835e-02
4.013972128336174e-05	1.567501e-07	-1.879545e-02
4.023737753336174e-05	1.879561e-07	-2.004991e-02
4.033503378336175e-05	2.169937e-07	-2.123693e-02
4.044489706461175e-05	2.463720e-07	-2.250372e-02
4.049386824075921e-05	2.582362e-07	-2.303182e-02
4.054283941690667e-05	2.691043e-07	-2.353472e-02
4.059181059305413e-05	2.789764e-07	-2.401242e-02
4.064078176920160e-05	2.878525e-07	-2.446492e-02
4.068975294534906e-05	2.957325e-07	-2.489222e-02
4.073872412149652e-05	3.026164e-07	-2.529432e-02
4.078769529764398e-05	3.085043e-07	-2.567121e-02
4.088535154764398e-05	3.165351e-07	-2.635554e-02
4.095602679560452e-05	3.194347e-07	-2.677296e-02
4.104363400988722e-05	3.195837e-07	-2.718972e-02
4.113102860627490e-05	3.159344e-07	-2.749730e-02
4.122868485627491e-05	3.074444e-07	-2.770239e-02
4.132634110627491e-05	2.944646e-07	-2.775614e-02
4.142399735627491e-05	2.772544e-07	-2.764579e-02
4.152165360627492e-05	2.561560e-07	-2.736312e-02
4.161930985627492e-05	2.315865e-07	-2.690105e-02
4.171696610627492e-05	2.040292e-07	-2.625383e-02
4.181462235627492e-05	1.740221e-07	-2.541732e-02
4.191227860627493e-05	1.421465e-07	-2.438919e-02
4.204655595002493e-05	9.639317e-08	-2.270727e-02
4.211543848350707e-05	7.204262e-08	-2.165718e-02
4.218432101698921e-05	4.823401e-08	-2.052551e-02
4.225320355047136e-05	2.496736e-08	-1.931225e-02
4.232208608395350e-05	2.242642e-09	-1.801741e-02
4.239096861743565e-05	-1.994013e-08	-1.664099e-02
4.245985115091779e-05	-4.158095e-08	-1.518298e-02
4.252873368439993e-05	-6.267983e-08	-1.364339e-02
4.262638993439994e-05	-8.972868e-08	-1.134949e-02
4.272404618439994e-05	-1.139169e-07	-8.931166e-03
4.282170243439994e-05	-1.348879e-07	-6.407006e-03
4.291935868439994e-05	-1.523641e-07	-3.801266e-03
4.295367341505260e-05	-1.576425e-07	-2.868204e-03
4.298798814570525e-05	-1.624517e-07	-1.929688e-03
4.302230287635790e-05	-1.667915e-07	-9.857166e-04
4.305661760701055e-05	-1.706621e-07	-3.629076e-05
4.309093233766320e-05	-1.740634e-07	9.185897e-04
4.312524706831586e-05	-1.769953e-07	1.878925e-03
4.315956179896851e-05	-1.794580e-07	2.844715e-03
4.320737153603778e-05	-1.820477e-07	4.191728e-03
4.325518127310704e-05	-1.837896e-07	5.529335e-03
4.330299101017631e-05	-1.846837e-07	6.857536e-03
4.335080074724557e-05	-1.847299e-07	8.176330e-03
4.339861048431484e-05	-1.839283e-07	9.485719e-03
4.344642022138410e-05	-1.822788e-07	1.078570e-02
4.349422995845337e-05	-1.797815e-07	1.207628e-02
4.355500966622577e-05	-1.754988e-07	1.368022e-02
4.361578937399816e-05	-1.703167e-07	1.523377e-02
4.367656908177055e-05	-1.642349e-07	1.673695e-02
4.373734878954294e-05	-1.572537e-07	1.818975e-02
4.379812849731534e-05	-1.493729e-07	1.959218e-02
4.385890820508773e-05	-1.405926e-07	2.094422e-02
4.391968791286012e-05	-1.309128e-07	2.224588e-02
4.401734416286013e-05	-1.151393e-07	2.416559e-02
4.411500041286013e-05	-9.873141e-08	2.588856e-02
4.421265666286013e-05	-8.221269e-08	2.739971e-02
4.431031291286013e-05	-6.609564e-08	2.868644e-02
4.440796916286014e-05	-5.086899e-08	2.973887e-02
4.450562541286014e-05	-3.698548e-08	3.054990e-02
4.460328166286014e-05	-2.485067e-08	3.111528e-02
4.470093791286015e-05	-1.481289e-08	3.143362e-02
4.479859416286015e-05	-7.154724e-09	3.150634e-02
4.489625041286015e-05	-2.086050e-09	3.135773e-02
4.504514563522849e-05	3.835155e-10	3.064273e-02
4.513348770566632e-05	-1.192898e-09	2.997301e-02
4.523114395566632e-05	-5.507003e-09	2.903671e-02
4.532880020566633e-05	-1.237762e-08	2.791099e-02
4.542645645566633e-05	-2.158160e-08	2.660641e-02
4.552411270566633e-05	-3.282480e-08	2.513988e-02
4.562176895566634e-05	-4.574951e-08	2.352928e-02
4.571942520566634e-05	-5.994337e-08	2.179311e-02
4.581708145566634e-05	-7.494983e-08	1.995020e-02
4.591473770566634e-05	-9.027950e-08	1.801937e-02
4.601239395566635e-05	-1.054226e-07	1.601917e-02
4.611005020566635e-05	-1.198618e-07	1.396759e-02
4.620770645566635e-05	-1.330853e-07	1.188182e-02
4.630536270566636e-05	-1.446002e-07	9.778048e-03
4.640301895566636e-05	-1.539447e-07	7.671270e-03
4.650067520566636e-05	-1.607007e-07	5.575155e-03
4.659833145566636e-05	-1.645043e-07	3.501944e-03
4.664359011393924e-05	-1.652109e-07	2.545157e-03
4.668884877221213e-05	-1.651540e-07	1.599993e-03
4.673410743048500e-05	-1.643335e-07	6.664528e-04
4.677936608875788e-05	-1.627495e-07	-2.554647e-04
4.682462474703076e-05	-1.604019e-07	-1.165759e-03
4.686988340530364e-05	-1.572908e-07	-2.064431e-03
4.691514206357652e-05	-1.534161e-07	-2.951480e-03
4.706546454048075e-05	-1.347416e-07	-5.821621e-03
4.712705085859548e-05	-1.245165e-07	-6.947704e-03
4.718863717671021e-05	-1.130478e-07	-8.045991e-03
4.725022349482494e-05	-1.003356e-07	-9.116483e-03
4.731180981293968e-05	-8.637992e-08	-1.015918e-02
4.737339613105441e-05	-7.118073e-08	-1.117408e-02
4.743498244916914e-05	-5.473804e-08	-1.216118e-02
4.749656876728387e-05	-3.705184e-08	-1.312049e-02
4.759422501728387e-05	-7.741688e-09	-1.458464e-02
4.769188126728387e-05	2.326529e-08	-1.597618e-02
4.778953751728388e-05	5.541828e-08	-1.729481e-02
4.788719376728388e-05	8.812912e-08	-1.854005e-02
4.798485001728388e-05	1.207851e-07	-1.971113e-02
4.808250626728388e-05	1.527623e-07	-2.080679e-02
4.818016251728389e-05	1.834396e-07	-2.182513e-02
4.829002579853389e-05	2.156456e-07	-2.289494e-02
4.835134705707881e-05	2.324810e-07	-2.344063e-02
4.841266831562373e-05	2.479159e-07	-2.394743e-02
4.847398957416865e-05	2.619502e-07	-2.441532e-02
4.853531083271357e-05	2.745839e-07	-2.484431e-02
4.859663209125849e-05	2.858171e-07	-2.523440e-02
4.865795334980341e-05	2.956498e-07	-2.558559e-02
4.871927460834833e-05	3.040819e-07	-2.589787e-02
4.881693085834833e-05	3.134235e-07	-2.631244e-02
4.891458710834833e-05	3.181754e-07	-2.662076e-02
4.905341212986121e-05	3.168181e-07	-2.683127e-02
4.914693260262010e-05	3.105268e-07	-2.681161e-02
4.924458885262010e-05	2.994446e-07	-2.665892e-02
4.934224510262010e-05	2.839471e-07	-2.635770e-02
4.943990135262010e-05	2.643188e-07	-2.589958e-02
4.953755760262011e-05	2.409254e-07	-2.527849e-02
4.963521385262011e-05	2.142061e-07	-2.448944e-02
4.973287010262011e-05	1.846637e-07	-2.352878e-02
4.983052635262012e-05	1.528538e-07	-2.239437e-02
4.996480369637011e-05	1.065128e-07	-2.058671e-02
5.005025291512011e-05	7.612191e-08	-1.924164e-02
5.019673729012012e-05	2.381288e-08	-1.660627e-02
5.029439354012012e-05	-1.032028e-08	-1.467573e-02
5.039204979012012e-05	-4.315353e-08	-1.259759e-02
5.048970604012012e-05	-7.412002e-08	-1.038384e-02
5.058736229012013e-05	-1.027020e-07	-8.048647e-03
5.068501854012013e-05	-1.284417e-07	-5.608286e-03
5.079488182137013e-05	-1.535207e-07	-2.775075e-03
5.084449436415159e-05	-1.634088e-07	-1.452624e-03
5.089410690693306e-05	-1.723008e-07	-1.227454e-04
5.094371944971452e-05	-1.801968e-07	1.214561e-03
5.099333199249599e-05	-1.870967e-07	2.559296e-03
5.104294453527746e-05	-1.930006e-07	3.911458e-03
5.109255707805892e-05	-1.979085e-07	5.271049e-03
5.114216962084038e-05	-2.018204e-07	6.638067e-03
5.119053453260099e-05	-2.045207e-07	7.967905e-03
5.123889944436159e-05	-2.063221e-07	9.281194e-03
5.128726435612219e-05	-2.072246e-07	1.057794e-02
5.133562926788279e-05	-2.072282e-07	1.185813e-02
5.138399417964339e-05	-2.063329e-07	1.312177e-02
5.143235909140400e-05	-2.045387e-07	1.436887e-02
5.148072400316460e-05	-2.018456e-07	1.559942e-02
5.152955212816460e-05	-1.983482e-07	1.680206e-02
5.162720837816460e-05	-1.890809e-07	1.912064e-02
5.172486462816461e-05	-1.771162e-07	2.131490e-02
5.182252087816461e-05	-1.628989e-07	2.334956e-02
5.192017712816461e-05	-1.469147e-07	2.520466e-02
5.201783337816461e-05	-1.296781e-07	2.686218e-02
5.211548962816462e-05	-1.117197e-07	2.830630e-02
5.221314587816462e-05	-9.357238e-08	2.952365e-02
5.231080212816462e-05	-7.575876e-08	3.050346e-02
5.240845837816463e-05	-5.877783e-08	3.123773e-02
5.250611462816463e-05	-4.309298e-08	3.172135e-02
5.260377087816463e-05	-2.912067e-08	3.195209e-02
5.270142712816463e-05	-1.722031e-08	3.193062e-02
5.279908337816464e-05	-7.685687e-09	3.166048e-02
5.289673962816464e-05	-7.379405e-10	3.116808e-02
5.304521344728563e-05	4.570310e-09	2.993578e-02
5.313359801804540e-05	4.666258e-09	2.896151e-02
5.323125426804541e-05	2.165531e-09	2.769515e-02
5.332891051804541e-05	-2.938845e-09	2.624751e-02
5.342656676804541e-05	-1.043454e-08	2.463125e-02
5.352422301804541e-05	-2.003788e-08	2.286523e-02
5.362187926804542e-05	-3.140120e-08	2.096917e-02
5.371953551804542e-05	-4.412176e-08	1.896333e-02
5.381719176804542e-05	-5.775200e-08	1.686819e-02
5.391484801804543e-05	-7.181104e-08	1.470415e-02
5.401250426804543e-05	-8.579689e-08	1.249117e-02
5.411016051804543e-05	-9.919935e-08	1.024857e-02
5.420781676804543e-05	-1.115131e-07	7.994712e-03
5.430547301804544e-05	-1.222507e-07	5.746820e-03
5.440312926804544e-05	-1.309553e-07	3.520778e-03
5.444724351713863e-05	-1.341623e-07	2.517912e-03
5.449135776623183e-05	-1.367668e-07	1.528285e-03
5.453547201532502e-05	-1.387690e-07	5.518977e-04
5.457958626441820e-05	-1.401687e-07	-4.112498e-04
5.462370051351140e-05	-1.409661e-07	-1.361158e-03
5.466781476260459e-05	-1.411611e-07	-2.297826e-03
5.471192901169778e-05	-1.407537e-07	-3.221255e-03
5.476054594745293e-05	-1.394371e-07	-4.236745e-03
5.480916288320809e-05	-1.372471e-07	-5.228849e-03
5.485777981896324e-05	-1.341837e-07	-6.197567e-03
5.490639675471839e-05	-1.302469e-07	-7.142898e-03
5.495501369047354e-05	-1.254367e-07	-8.064842e-03
5.500363062622870e-05	-1.197531e-07	-8.963400e-03
5.505224756198385e-05	-1.131961e-07	-9.838572e-03
5.514503883331405e-05	-9.830933e-08	-1.145189e-02
5.524269508331405e-05	-7.942167e-08	-1.306321e-02
5.534035133331405e-05	-5.747217e-08	-1.458083e-02
5.543800758331406e-05	-3.278389e-08	-1.600298e-02
5.553566383331406e-05	-5.752779e-09	-1.732980e-02
5.563332008331406e-05	2.316049e-08	-1.856192e-02
5.573097633331406e-05	5.344029e-08	-1.970027e-02
5.582863258331407e-05	8.452708e-08	-2.074590e-02
5.592628883331407e-05	1.158297e-07	-2.169973e-02
5.602394508331407e-05	1.467383e-07	-2.256241e-02
5.613380836456407e-05	1.802742e-07	-2.344587e-02
5.620619224517931e-05	2.016662e-07	-2.395456e-02
5.627857612579454e-05	2.213982e-07	-2.440880e-02
5.635096000640977e-05	2.394702e-07	-2.480856e-02
5.642334388702501e-05	2.558824e-07	-2.515387e-02
5.649572776764024e-05	2.706346e-07	-2.544471e-02
5.656811164825547e-05	2.837268e-07	-2.568108e-02
5.664049552887070e-05	2.951592e-07	-2.586300e-02
5.673815177887071e-05	3.061637e-07	-2.602339e-02
5.683580802887071e-05	3.127407e-07	-2.607359e-02
5.699449358598779e-05	3.135580e-07	-2.592493e-02
5.715431620101444e-05	3.018610e-07	-2.540496e-02
5.725197245101444e-05	2.886773e-07	-2.492210e-02
5.734962870101444e-05	2.711568e-07	-2.429971e-02
5.744728495101445e-05	2.496009e-07	-2.353242e-02
5.754494120101445e-05	2.243914e-07	-2.261608e-02
5.764259745101445e-05	1.959820e-07	-2.154752e-02
5.774025370101445e-05	1.648890e-07	-2.032486e-02
5.783790995101446e-05	1.316799e-07	-1.894762e-02
5.794777323226446e-05	9.254621e-08	-1.725059e-02
5.802101541976446e-05	6.583985e-08	-1.597117e-02
5.811867166976446e-05	3.000329e-08	-1.414394e-02
5.821632791976446e-05	-5.504669e-09	-1.219573e-02
5.831398416976446e-05	-4.005506e-08	-1.011683e-02
5.841164041976447e-05	-7.304651e-08	-7.918159e-03
5.850929666976447e-05	-1.039181e-07	-5.612698e-03
5.861915995101447e-05	-1.354836e-07	-2.927321e-03
5.867238734392081e-05	-1.494559e-07	-1.574992e-03
5.872561473682715e-05	-1.623350e-07	-2.111770e-04
5.877884212973349e-05	-1.741208e-07	1.164125e-03
5.883206952263983e-05	-1.848133e-07	2.550914e-03
5.888529691554617e-05	-1.944125e-07	3.949189e-03
5.893852430845251e-05	-2.029185e-07	5.358951e-03
5.899175170135885e-05	-2.103312e-07	6.780200e-03
5.904279569337437e-05	-2.161289e-07	8.143393e-03
5.909383968538988e-05	-2.208293e-07	9.491293e-03
5.914488367740540e-05	-2.244323e-07	1.082390e-02
5.919592766942091e-05	-2.269380e-07	1.214121e-02
5.924697166143643e-05	-2.283462e-07	1.344323e-02
5.929801565345194e-05	-2.286571e-07	1.472995e-02
5.934905964546746e-05	-2.278706e-07	1.600138e-02
5.943450886421746e-05	-2.242879e-07	1.805015e-02
5.953216511421746e-05	-2.168923e-07	2.027951e-02
5.962982136421747e-05	-2.063014e-07	2.238562e-02
5.972747761421747e-05	-1.929165e-07	2.433338e-02
5.982513386421747e-05	-1.771919e-07	2.610272e-02
5.992279011421747e-05	-1.596232e-07	2.767535e-02
6.002044636421748e-05	-1.407351e-07	2.903499e-02
6.011810261421748e-05	-1.210683e-07	3.016770e-02
6.021575886421748e-05	-1.011662e-07	3.106205e-02
6.031341511421749e-05	-8.156174e-08	3.170931e-02
6.041107136421749e-05	-6.276421e-08	3.210357e-02
6.050872761421749e-05	-4.524727e-08	3.224183e-02
6.060638386421749e-05	-2.943753e-08	3.212402e-02
6.070404011421750e-05	-1.570440e-08	3.175302e-02
6.080169636421750e-05	-4.351478e-09	3.113454e-02
6.089935261421750e-05	4.390505e-09	3.029760e-02
6.104557559783758e-05	1.228771e-08	2.858139e-02
6.113418713626560e-05	1.397821e-08	2.731135e-02
6.123184338626561e-05	1.317674e-08	2.573180e-02
6.132949963626561e-05	9.704638e-09	2.398277e-02
6.142715588626561e-05	3.764542e-09	2.207913e-02
6.152481213626562e-05	-4.369152e-09	2.004152e-02
6.162246838626562e-05	-1.435755e-08	1.789131e-02
6.172012463626562e-05	-2.580614e-08	1.565035e-02
6.181778088626562e-05	-3.827502e-08	1.334055e-02
6.191543713626563e-05	-5.129030e-08	1.098362e-02
6.201309338626563e-05	-6.435639e-08	8.600724e-03
6.211074963626563e-05	-7.696870e-08	6.212210e-03
6.220840588626564e-05	-8.862681e-08	3.837340e-03
6.225328307481195e-05	-9.360885e-08	2.746252e-03
6.229816026335827e-05	-9.814660e-08	1.669073e-03
6.234303745190458e-05	-1.022401e-07	6.058025e-04
6.238791464045091e-05	-1.058892e-07	-4.435591e-04
6.243279182899723e-05	-1.090941e-07	-1.479012e-03
6.247766901754354e-05	-1.118547e-07	-2.500556e-03
6.252254620608986e-05	-1.141710e-07	-3.508191e-03
6.263240948733986e-05	-1.170545e-07	-5.929125e-03
6.267733013418843e-05	-1.171569e-07	-6.877637e-03
6.272225078103700e-05	-1.165641e-07	-7.804039e-03
6.276717142788556e-05	-1.152760e-07	-8.708329e-03
6.281209207473413e-05	-1.132928e-07	-9.590508e-03
6.285701272158270e-05	-1.106143e-07	-1.045058e-02
6.290193336843126e-05	-1.072405e-07	-1.128853e-02
6.294685401527983e-05	-1.031716e-07	-1.210438e-02
6.304020784940141e-05	-9.233355e-08	-1.372665e-02
6.312545439380203e-05	-7.977150e-08	-1.511418e-02
6.322311064380204e-05	-6.238179e-08	-1.659106e-02
6.332076689380204e-05	-4.200479e-08	-1.795333e-02
6.341842314380204e-05	-1.894207e-08	-1.919759e-02
6.351607939380205e-05	6.431250e-09	-2.032504e-02
6.361373564380205e-05	3.367429e-08	-2.133757e-02
6.371139189380205e-05	6.228980e-08	-2.223756e-02
6.382125517505205e-05	9.544550e-08	-2.314409e-02
6.386543754373928e-05	1.089862e-07	-2.345866e-02
6.390961991242649e-05	1.223836e-07	-2.375226e-02
6.395380228111371e-05	1.356378e-07	-2.402490e-02
6.399798464980093e-05	1.487487e-07	-2.427658e-02
6.404216701848816e-05	1.617164e-07	-2.450729e-02
6.408634938717537e-05	1.745408e-07	-2.471705e-02
6.413053175586259e-05	1.872220e-07	-2.490584e-02
6.420377394336259e-05	2.071374e-07	-2.516244e-02
6.431363722461259e-05	2.346697e-07	-2.547114e-02
6.437968598298312e-05	2.497799e-07	-2.558693e-02
6.444573474135365e-05	2.631944e-07	-2.565630e-02
6.451178349972419e-05	2.749133e-07	-2.567925e-02
6.457783225809473e-05	2.849365e-07	-2.565578e-02
6.464388101646526e-05	2.932640e-07	-2.558589e-02
6.470992977483580e-05	2.998959e-07	-2.546958e-02
6.477597853320633e-05	3.048322e-07	-2.530684e-02
6.495166704572377e-05	3.068495e-07	-2.464289e-02
6.504200637078433e-05	3.020405e-07	-2.415335e-02
6.512838060413731e-05	2.937377e-07	-2.359124e-02
6.522603685413731e-05	2.800907e-07	-2.284011e-02
6.532369310413731e-05	2.621186e-07	-2.196760e-02
6.542134935413732e-05	2.401099e-07	-2.096693e-02
6.551900560413732e-05	2.144348e-07	-1.983538e-02
6.561666185413732e-05	1.855375e-07	-1.857110e-02
6.571431810413733e-05	1.539268e-07	-1.717326e-02
6.584859544788732e-05	1.070716e-07	-1.506172e-02
6.599507982288732e-05	5.318677e-08	-1.241985e-02
6.609273607288732e-05	1.669197e-08	-1.052280e-02
6.619039232288733e-05	-1.950351e-08	-8.509658e-03
6.628804857288733e-05	-5.476229e-08	-6.389287e-03
6.638570482288733e-05	-8.847194e-08	-4.172495e-03
6.649556810413733e-05	-1.238303e-07	-1.595147e-03
6.652818376575843e-05	-1.337131e-07	-8.052888e-04
6.656079942737952e-05	-1.432438e-07	-9.607814e-06
6.659341508900061e-05	-1.524222e-07	7.918962e-04
6.662603075062170e-05	-1.612484e-07	1.599223e-03
6.665864641224280e-05	-1.697224e-07	2.412374e-03
6.669126207386389e-05	-1.778442e-07	3.231347e-03
6.672387773548498e-05	-1.856137e-07	4.056143e-03
6.676246457231339e-05	-1.942328e-07	5.030694e-03
6.680105140914181e-05	-2.022276e-07	6.005595e-03
6.683963824597022e-05	-2.095981e-07	6.980845e-03
6.687822508279864e-05	-2.163443e-07	7.956445e-03
6.691681191962705e-05	-2.224663e-07	8.932394e-03
6.695539875645547e-05	-2.279640e-07	9.908693e-03
6.699398559328388e-05	-2.328374e-07	1.088534e-02
6.704354899283936e-05	-2.380603e-07	1.214046e-02
6.709311239239485e-05	-2.422101e-07	1.337440e-02
6.714267579195033e-05	-2.452868e-07	1.458719e-02
6.719223919150580e-05	-2.472903e-07	1.577880e-02
6.724180259106128e-05	-2.482208e-07	1.694925e-02
6.729136599061676e-05	-2.480781e-07	1.809853e-02
6.734092939017225e-05	-2.468624e-07	1.922665e-02
6.743858564017225e-05	-2.416048e-07	2.134446e-02
6.753624189017225e-05	-2.327186e-07	2.334077e-02
6.763389814017225e-05	-2.205527e-07	2.518103e-02
6.773155439017226e-05	-2.055199e-07	2.684538e-02
6.782921064017226e-05	-1.880858e-07	2.831550e-02
6.792686689017226e-05	-1.687575e-07	2.957498e-02
6.802452314017227e-05	-1.480712e-07	3.060951e-02
6.812217939017227e-05	-1.265787e-07	3.140720e-02
6.821983564017227e-05	-1.048343e-07	3.195872e-02
6.831749189017227e-05	-8.338163e-08	3.225751e-02
6.841514814017228e-05	-6.274030e-08	3.229987e-02
6.851280439017228e-05	-4.339385e-08	3.208501e-02
6.861046064017228e-05	-2.577836e-08	3.161512e-02
6.870811689017229e-05	-1.027229e-08	3.089529e-02
6.880577314017229e-05	2.812192e-09	2.993343e-02
6.890342939017229e-05	1.323618e-08	2.876044e-02
6.904664897450250e-05	2.339625e-08	2.660995e-02
6.913593316688077e-05	2.656979e-08	2.505256e-02
6.923358941688077e-05	2.729360e-08	2.318325e-02
6.933124566688078e-05	2.526247e-08	2.115970e-02
6.942890191688078e-05	2.067120e-08	1.899910e-02
6.952655816688078e-05	1.378682e-08	1.672367e-02
6.962421441688079e-05	4.941384e-09	1.435625e-02
6.972187066688079e-05	-5.476912e-09	1.192002e-02
6.981952691688079e-05	-1.703396e-08	9.438095e-03
6.991718316688079e-05	-2.926108e-08	6.933223e-03
7.001483941688080e-05	-4.166727e-08	4.427469e-03
7.012470269813080e-05	-5.521508e-08	1.623334e-03
7.015617395057221e-05	-5.893777e-08	8.294334e-04
7.018764520301361e-05	-6.252096e-08	4.277770e-05
7.021911645545502e-05	-6.596464e-08	-7.366329e-04
7.025058770789641e-05	-6.926881e-08	-1.508798e-03
7.028205896033782e-05	-7.243347e-08	-2.273719e-03
7.031353021277923e-05	-7.545862e-08	-3.031394e-03
7.034500146522064e-05	-7.834426e-08	-3.781824e-03
7.045791650428314e-05	-8.674703e-08	-6.432432e-03
7.049639045099074e-05	-8.893921e-08	-7.301646e-03
7.053486439769832e-05	-9.070573e-08	-8.151774e-03
7.057333834440591e-05	-9.204658e-08	-8.982817e-03
7.061181229111350e-05	-9.296176e-08	-9.794774e-03
7.065028623782109e-05	-9.345128e-08	-1.058765e-02
7.068876018452867e-05	-9.351514e-08	-1.136143e-02
7.072723413123627e-05	-9.315333e-08	-1.211614e-02
7.082489038123627e-05	-8.990150e-08	-1.395974e-02
7.092254663123627e-05	-8.342843e-08	-1.568389e-02
7.098553843918321e-05	-7.752005e-08	-1.672274e-02
7.114890337589504e-05	-5.595036e-08	-1.911258e-02
7.124655962589504e-05	-3.894506e-08	-2.036318e-02
7.134421587589504e-05	-1.913377e-08	-2.147549e-02
7.144187212589504e-05	3.171313e-09	-2.245019e-02
7.153952837589505e-05	2.758683e-08	-2.329017e-02
7.164939165714505e-05	5.701894e-08	-2.410858e-02
7.173914603423768e-05	8.301577e-08	-2.461485e-02
7.182890041133031e-05	1.084693e-07	-2.502924e-02
7.191865478842294e-05	1.333795e-07	-2.535175e-02
7.200840916551559e-05	1.577464e-07	-2.558238e-02
7.209816354260822e-05	1.815701e-07	-2.572113e-02
7.218791791970085e-05	2.048504e-07	-2.576801e-02
7.227767229679348e-05	2.275874e-07	-2.572301e-02
7.235178641509705e-05	2.439507e-07	-2.561388e-02
7.242590053340063e-05	2.581902e-07	-2.544919e-02
7.250001465170419e-05	2.703059e-07	-2.522893e-02
7.257412877000777e-05	2.802979e-07	-2.495311e-02
7.264824288831134e-05	2.881661e-07	-2.462172e-02
7.272235700661492e-05	2.939105e-07	-2.423476e-02
7.279647112491848e-05	2.975311e-07	-2.379224e-02
7.295928973231796e-05	2.954138e-07	-2.262967e-02
7.313300892544878e-05	2.791432e-07	-2.105665e-02
7.323066517544878e-05	2.637925e-07	-2.002802e-02
7.332832142544878e-05	2.442242e-07	-1.889405e-02
7.342597767544879e-05	2.207396e-07	-1.765048e-02
7.352363392544879e-05	1.937204e-07	-1.629607e-02
7.362129017544879e-05	1.636214e-07	-1.483033e-02
7.371894642544880e-05	1.309607e-07	-1.325373e-02
7.381660267544880e-05	9.630858e-08	-1.156786e-02
7.391425892544880e-05	6.027535e-08	-9.775635e-03
7.401191517544880e-05	2.349842e-08	-7.881454e-03
7.410957142544881e-05	-1.337153e-08	-5.891325e-03
7.420722767544881e-05	-4.968443e-08	-3.812959e-03
7.431709095669881e-05	-8.908039e-08	-1.396814e-03
7.434894367886678e-05	-1.001130e-07	-6.733226e-04
7.438079640103475e-05	-1.108888e-07	5.611532e-05
7.441264912320272e-05	-1.214078e-07	7.914992e-04
7.444450184537067e-05	-1.316699e-07	1.532829e-03
7.447635456753864e-05	-1.416752e-07	2.280105e-03
7.450820728970661e-05	-1.514236e-07	3.033327e-03
7.454006001187458e-05	-1.609152e-07	3.792495e-03
7.458589087473731e-05	-1.739578e-07	4.885418e-03
7.463172173760002e-05	-1.861902e-07	5.980251e-03
7.467755260046275e-05	-1.976123e-07	7.076992e-03
7.472338346332547e-05	-2.082243e-07	8.175642e-03
7.476921432618820e-05	-2.180261e-07	9.276200e-03
7.481504518905091e-05	-2.270176e-07	1.037867e-02
7.486087605191364e-05	-2.351990e-07	1.148304e-02
7.494691255435205e-05	-2.478790e-07	1.352426e-02
7.498813634373122e-05	-2.527771e-07	1.450278e-02
7.502936013311039e-05	-2.569012e-07	1.546563e-02
7.507058392248956e-05	-2.602512e-07	1.641279e-02
7.511180771186871e-05	-2.628272e-07	1.734429e-02
7.515303150124788e-05	-2.646292e-07	1.826010e-02
7.519425529062704e-05	-2.656571e-07	1.916024e-02
7.523547908000621e-05	-2.659110e-07	2.004470e-02
7.532073934825314e-05	-2.640747e-07	2.179737e-02
7.541839559825315e-05	-2.581823e-07	2.369537e-02
7.551605184825315e-05	-2.485042e-07	2.544952e-02
7.561370809825315e-05	-2.353845e-07	2.703644e-02
7.571136434825315e-05	-2.192334e-07	2.843772e-02
7.580902059825316e-05	-2.005169e-07	2.963659e-02
7.590667684825316e-05	-1.797453e-07	3.061811e-02
7.600433309825316e-05	-1.574607e-07	3.136953e-02
7.610198934825317e-05	-1.342241e-07	3.188047e-02
7.619964559825317e-05	-1.106021e-07	3.214312e-02
7.629730184825317e-05	-8.715302e-08	3.215246e-02
7.639495809825317e-05	-6.441421e-08	3.190626e-02
7.649261434825318e-05	-4.288928e-08	3.140527e-02
7.659027059825318e-05	-2.303654e-08	3.065313e-02
7.668792684825318e-05	-5.258507e-09	2.965641e-02
7.678558309825318e-05	1.010716e-08	2.842446e-02
7.688323934825319e-05	2.279508e-08	2.698267e-02
7.695524119632729e-05	3.032225e-08	2.577816e-02
7.704334081900031e-05	3.734478e-08	2.414794e-02
7.713055162775609e-05	4.189471e-08	2.239352e-02
7.722820787775609e-05	4.417867e-08	2.027651e-02
7.732586412775609e-05	4.359528e-08	1.802327e-02
7.742352037775610e-05	4.032715e-08	1.565182e-02
7.752117662775610e-05	3.463019e-08	1.318568e-02
7.761883287775610e-05	2.682650e-08	1.064887e-02
7.771648912775611e-05	1.729562e-08	8.065626e-03
7.781414537775611e-05	6.464399e-09	5.460013e-03
7.792400865900611e-05	-6.697620e-09	2.524666e-03
7.797274141657447e-05	-1.279622e-08	1.227673e-03
7.802147417414283e-05	-1.876834e-08	-5.433497e-05
7.807020693171119e-05	-2.461400e-08	-1.321358e-03
7.811893968927955e-05	-3.033319e-08	-2.573397e-03
7.816767244684792e-05	-3.592591e-08	-3.810451e-03
7.821640520441627e-05	-4.139216e-08	-5.032520e-03
7.826513796198463e-05	-4.673194e-08	-6.239605e-03
7.827734499323463e-05	-4.796564e-08	-6.536340e-03
7.832493334162330e-05	-5.263707e-08	-7.682776e-03
7.837252169001198e-05	-5.680427e-08	-8.798068e-03
7.842011003840064e-05	-6.046723e-08	-9.882216e-03
7.846769838678932e-05	-6.362595e-08	-1.093522e-02
7.851528673517799e-05	-6.628044e-08	-1.195708e-02
7.856287508356667e-05	-6.843068e-08	-1.294780e-02
7.861046343195534e-05	-7.007669e-08	-1.390737e-02
7.870811968195534e-05	-7.116066e-08	-1.578418e-02
7.880577593195534e-05	-6.932097e-08	-1.751233e-02
7.890343218195534e-05	-6.441073e-08	-1.910099e-02
7.896411606358914e-05	-5.978016e-08	-2.000302e-02
7.913593592266791e-05	-4.014521e-08	-2.219425e-02
7.923359217266791e-05	-2.485883e-08	-2.322367e-02
7.933124842266791e-05	-6.832522e-09	-2.409826e-02
7.942890467266791e-05	1.364030e-08	-2.481790e-02
7.952656092266792e-05	3.619467e-08	-2.538705e-02
7.962421717266792e-05	6.040194e-08	-2.581102e-02
7.972187342266792e-05	8.577920e-08	-2.609576e-02
7.981952967266792e-05	1.118001e-07	-2.624762e-02
7.991718592266793e-05	1.379068e-07	-2.627310e-02
8.001484217266793e-05	1.635227e-07	-2.617868e-02
8.011249842266793e-05	1.880659e-07	-2.597056e-02
8.024677576641793e-05	2.190104e-07	-2.553308e-02
8.032960919275722e-05	2.364817e-07	-2.513874e-02
8.041244261909650e-05	2.513181e-07	-2.468109e-02
8.049527604543579e-05	2.635198e-07	-2.416011e-02
8.057810947177508e-05	2.730865e-07	-2.357581e-02
8.066094289811437e-05	2.800185e-07	-2.292819e-02
8.074377632445365e-05	2.843156e-07	-2.221724e-02
8.082660975079294e-05	2.859779e-07	-2.144297e-02
8.098549911470970e-05	2.792127e-07	-1.979683e-02
8.114887959948390e-05	2.598949e-07	-1.784161e-02
8.124653584948390e-05	2.425576e-07	-1.656231e-02
8.134419209948390e-05	2.211589e-07	-1.519585e-02
8.144184834948390e-05	1.960209e-07	-1.374111e-02
8.153950459948391e-05	1.675442e-07	-1.219819e-02
8.163716084948391e-05	1.362004e-07	-1.056777e-02
8.173481709948391e-05	1.025216e-07	-8.851402e-03
8.183247334948392e-05	6.708947e-08	-7.051621e-03
8.193012959948392e-05	3.052291e-08	-5.172175e-03
8.202778584948392e-05	-6.535364e-09	-3.218150e-03
8.207266303803024e-05	-2.366899e-08	-2.301986e-03
8.211754022657655e-05	-4.056239e-08	-1.371902e-03
8.216241741512287e-05	-5.721556e-08	-4.278975e-04
8.220729460366920e-05	-7.362850e-08	5.300278e-04
8.225217179221551e-05	-8.980121e-08	1.501874e-03
8.229704898076183e-05	-1.057337e-07	2.487640e-03
8.234192616930815e-05	-1.214260e-07	3.487328e-03
8.245178945055815e-05	-1.573423e-07	5.934417e-03
8.248535878649565e-05	-1.676653e-07	6.692232e-03
8.251892812243314e-05	-1.776034e-07	7.450491e-03
8.255249745837064e-05	-1.871566e-07	8.209195e-03
8.258606679430813e-05	-1.963249e-07	8.968344e-03
8.261963613024564e-05	-2.051083e-07	9.727937e-03
8.265320546618313e-05	-2.135068e-07	1.048798e-02
8.268677480212063e-05	-2.215205e-07	1.124846e-02
8.278443105212063e-05	-2.420144e-07	1.343833e-02
8.288208730212063e-05	-2.584023e-07	1.559710e-02
8.291970336742360e-05	-2.635813e-07	1.642434e-02
8.295731943272657e-05	-2.680998e-07	1.723777e-02
8.299493549802953e-05	-2.719577e-07	1.803740e-02
8.303255156333248e-05	-2.751550e-07	1.882322e-02
8.307016762863545e-05	-2.776918e-07	1.959524e-02
8.310778369393841e-05	-2.795680e-07	2.035345e-02
8.314539975924138e-05	-2.807837e-07	2.109786e-02
8.323376797003626e-05	-2.810546e-07	2.277147e-02
8.333142422003626e-05	-2.772444e-07	2.451197e-02
8.342908047003626e-05	-2.693209e-07	2.611053e-02
8.352673672003627e-05	-2.575719e-07	2.754565e-02
8.362439297003627e-05	-2.423592e-07	2.879965e-02
8.372204922003627e-05	-2.241107e-07	2.985623e-02
8.381970547003628e-05	-2.033086e-07	3.070078e-02
8.391736172003628e-05	-1.804787e-07	3.132065e-02
8.401501797003628e-05	-1.561773e-07	3.170541e-02
8.411267422003628e-05	-1.309785e-07	3.184703e-02
8.421033047003629e-05	-1.054600e-07	3.174014e-02
8.430798672003629e-05	-8.019031e-08	3.138211e-02
8.440564297003629e-05	-5.571516e-08	3.077313e-02
8.450329922003629e-05	-3.254514e-08	2.991633e-02
8.460095547003630e-05	-1.114407e-08	2.881770e-02
8.469861172003630e-05	8.081371e-09	2.748607e-02
8.479626797003630e-05	2.479065e-08	2.593302e-02
8.489392422003631e-05	3.871665e-08	2.418804e-02
8.504482315165457e-05	5.435086e-08	2.109165e-02
8.513296310532785e-05	6.006967e-08	1.909986e-02
8.523061935532786e-05	6.347602e-08	1.676080e-02
8.532827560532786e-05	6.389973e-08	1.430650e-02
8.542593185532786e-05	6.151868e-08	1.175712e-02
8.552358810532787e-05	5.658466e-08	9.137250e-03
8.562124435532787e-05	4.941622e-08	6.471884e-03
8.571890060532787e-05	4.038999e-08	3.786034e-03
8.577593714140838e-05	3.419560e-08	2.203288e-03
8.583297367748887e-05	2.783978e-08	6.380442e-04
8.589001021356938e-05	2.132255e-08	-9.096956e-04
8.594704674964988e-05	1.464388e-08	-2.439932e-03
8.600408328573039e-05	7.803798e-09	-3.952665e-03
8.606111982181088e-05	8.022890e-10	-5.447894e-03
8.611815635789139e-05	-6.360644e-09	-6.925620e-03
8.618423236409953e-05	-1.424545e-08	-8.584551e-03
8.625030837030768e-05	-2.145660e-08	-1.018326e-02
8.631638437651582e-05	-2.799409e-08	-1.172175e-02
8.638246038272398e-05	-3.385793e-08	-1.320002e-02
8.644853638893213e-05	-3.904812e-08	-1.461806e-02
8.651461239514027e-05	-4.356465e-08	-1.597589e-02
8.658068840134842e-05	-4.740753e-08	-1.727349e-02
8.667834465134842e-05	-5.021780e-08	-1.903926e-02
8.677600090134842e-05	-5.029359e-08	-2.063509e-02
8.687365715134843e-05	-4.745795e-08	-2.206451e-02
8.695167537382489e-05	-4.303205e-08	-2.307362e-02
8.704200948125607e-05	-3.549175e-08	-2.409181e-02
8.712838566472282e-05	-2.589200e-08	-2.492207e-02
8.722604191472283e-05	-1.233517e-08	-2.569159e-02
8.732369816472283e-05	3.895989e-09	-2.629209e-02
8.742135441472283e-05	2.252368e-08	-2.672341e-02
8.751901066472283e-05	4.319851e-08	-2.699178e-02
8.761666691472284e-05	6.550711e-08	-2.710436e-02
8.771432316472284e-05	8.898142e-08	-2.706908e-02
8.781197941472284e-05	1.131093e-07	-2.689428e-02
8.790963566472285e-05	1.373464e-07	-2.658856e-02
8.800729191472285e-05	1.611288e-07	-2.616048e-02
8.814156925847285e-05	1.920402e-07	-2.540893e-02
8.822701847722284e-05	2.100345e-07	-2.481164e-02
8.837350285222284e-05	2.366635e-07	-2.360070e-02
8.847115910222284e-05	2.507726e-07	-2.269711e-02
8.856881535222284e-05	2.614669e-07	-2.171138e-02
8.876412785222285e-05	2.712584e-07	-1.951042e-02
8.894725124347805e-05	2.650737e-07	-1.718972e-02
8.904035635448237e-05	2.560145e-07	-1.591628e-02
8.912569602064871e-05	2.442395e-07	-1.469510e-02
8.922335227064871e-05	2.268145e-07	-1.323454e-02
8.932100852064871e-05	2.053889e-07	-1.171071e-02
8.941866477064872e-05	1.802707e-07	-1.012220e-02
8.951632102064872e-05	1.518479e-07	-8.469918e-03
8.961397727064872e-05	1.205803e-07	-6.755205e-03
8.971163352064872e-05	8.699008e-08	-4.980024e-03
8.980928977064873e-05	5.165079e-08	-3.147155e-03
8.985473916378489e-05	3.465106e-08	-2.279932e-03
8.990018855692104e-05	1.762009e-08	-1.400906e-03
8.994563795005721e-05	5.578848e-10	-5.100765e-04
8.999108734319337e-05	-1.653555e-08	3.925570e-04
9.003653673632954e-05	-3.366022e-08	1.306994e-03
9.008198612946569e-05	-5.081611e-08	2.233236e-03
9.012743552260186e-05	-6.800325e-08	3.171280e-03
9.023729880385186e-05	-1.080686e-07	5.442177e-03
9.027477820448662e-05	-1.213364e-07	6.228261e-03
9.031225760512138e-05	-1.342554e-07	7.015531e-03
9.034973700575615e-05	-1.468255e-07	7.803988e-03
9.038721640639092e-05	-1.590467e-07	8.593631e-03
9.042469580702569e-05	-1.709190e-07	9.384460e-03
9.046217520766045e-05	-1.824424e-07	1.017648e-02
9.049965460829521e-05	-1.936170e-07	1.096968e-02
9.059731085829521e-05	-2.201843e-07	1.301916e-02
9.069496710829522e-05	-2.431591e-07	1.504365e-02
9.079262335829522e-05	-2.621757e-07	1.702737e-02
9.083086910436281e-05	-2.685028e-07	1.780139e-02
9.086911485043041e-05	-2.741420e-07	1.856049e-02
9.090736059649800e-05	-2.790936e-07	1.930467e-02
9.094560634256558e-05	-2.833574e-07	2.003392e-02
9.098385208863318e-05	-2.869335e-07	2.074825e-02
9.102209783470077e-05	-2.898218e-07	2.144766e-02
9.106034358076837e-05	-2.920224e-07	2.213214e-02
9.115799983076837e-05	-2.944378e-07	2.379631e-02
9.125565608076837e-05	-2.923516e-07	2.534823e-02
9.135331233076838e-05	-2.859124e-07	2.675710e-02
9.145096858076838e-05	-2.753552e-07	2.800545e-02
9.154862483076838e-05	-2.609959e-07	2.907670e-02
9.164628108076838e-05	-2.432232e-07	2.995546e-02
9.174393733076839e-05	-2.224893e-07	3.062782e-02
9.184159358076839e-05	-1.992989e-07	3.108168e-02
9.193924983076839e-05	-1.741973e-07	3.130695e-02
9.203690608076840e-05	-1.477576e-07	3.129584e-02
9.213456233076840e-05	-1.205676e-07	3.104303e-02
9.223221858076840e-05	-9.321560e-08	3.054581e-02
9.232987483076840e-05	-6.627745e-08	2.980424e-02
9.242753108076841e-05	-4.030318e-08	2.882120e-02
9.252518733076841e-05	-1.580465e-08	2.760241e-02
9.262284358076841e-05	6.755867e-09	2.615640e-02
9.272049983076842e-05	2.697585e-08	2.449444e-02
9.281815608076842e-05	4.452121e-08	2.263041e-02
9.291581233076842e-05	5.913323e-08	2.059265e-02
9.305415402842281e-05	7.448149e-08	1.740546e-02
9.314813898724851e-05	8.122954e-08	1.507015e-02
9.324579523724851e-05	8.510457e-08	1.253979e-02
9.334345148724851e-05	8.588778e-08	9.919044e-03
9.344110773724851e-05	8.376391e-08	7.231621e-03
9.353876398724852e-05	7.899150e-08	4.502986e-03
9.359244222734338e-05	7.523710e-08	2.986400e-03
9.364612046743825e-05	7.099784e-08	1.478098e-03
9.369979870753311e-05	6.627372e-08	-2.191906e-05
9.375347694762798e-05	6.106474e-08	-1.513652e-03
9.380715518772284e-05	5.537090e-08	-2.997100e-03
9.386083342781771e-05	4.919220e-08	-4.472264e-03
9.391451166791257e-05	4.252864e-08	-5.939143e-03
9.398675930933975e-05	3.339994e-08	-7.863281e-03
9.405900695076692e-05	2.452786e-08	-9.718039e-03
9.413125459219410e-05	1.591238e-08	-1.150342e-02
9.420350223362129e-05	7.553520e-09	-1.321942e-02
9.427574987504846e-05	-5.487313e-10	-1.486604e-02
9.434799751647564e-05	-8.394371e-09	-1.644328e-02
9.442024515790282e-05	-1.598340e-08	-1.795115e-02
9.451790140790282e-05	-2.362269e-08	-1.981642e-02
9.461555765790282e-05	-2.910254e-08	-2.150257e-02
9.471321390790282e-05	-3.212194e-08	-2.300145e-02
9.481087015790283e-05	-3.244863e-08	-2.430739e-02
9.490852640790283e-05	-2.992553e-08	-2.543415e-02
9.497241102536732e-05	-2.669267e-08	-2.605996e-02
9.504974026394121e-05	-2.109882e-08	-2.668568e-02
9.514096120572783e-05	-1.217006e-08	-2.727024e-02
9.523861745572784e-05	7.253757e-11	-2.771831e-02
9.533627370572784e-05	1.489342e-08	-2.798400e-02
9.543392995572784e-05	3.201593e-08	-2.807122e-02
9.553158620572784e-05	5.109298e-08	-2.798832e-02
9.562924245572785e-05	7.171491e-08	-2.774464e-02
9.572689870572785e-05	9.341885e-08	-2.735022e-02
9.582455495572785e-05	1.156995e-07	-2.681557e-02
9.592221120572785e-05	1.380209e-07	-2.615139e-02
9.601986745572786e-05	1.598291e-07	-2.536835e-02
9.615414479947786e-05	1.879524e-07	-2.413639e-02
9.630062917447785e-05	2.146585e-07	-2.254605e-02
9.639828542447786e-05	2.293355e-07	-2.139605e-02
9.649594167447786e-05	2.409759e-07	-2.017228e-02
9.669125417447787e-05	2.536295e-07	-1.753015e-02
9.688656667447787e-05	2.503043e-07	-1.466729e-02
9.704380264030687e-05	2.352826e-07	-1.221689e-02
9.713130294057532e-05	2.221700e-07	-1.080267e-02
9.722895919057533e-05	2.036711e-07	-9.184179e-03
9.732661544057533e-05	1.813227e-07	-7.525939e-03
9.742427169057533e-05	1.554420e-07	-5.828321e-03
9.752192794057534e-05	1.264247e-07	-4.092904e-03
9.765620528432533e-05	8.227183e-08	-1.656174e-03
9.770481542662444e-05	6.523300e-08	-7.541432e-04
9.775342556892354e-05	4.793939e-08	1.546778e-04
9.780203571122264e-05	3.039101e-08	1.070289e-03
9.785064585352175e-05	1.258784e-08	1.992691e-03
9.789925599582086e-05	-5.470099e-09	2.921884e-03
9.794786613811996e-05	-2.378282e-08	3.857867e-03
9.799647628041906e-05	-4.235032e-08	4.800641e-03
9.803925538546928e-05	-5.846393e-08	5.630698e-03
9.808203449051950e-05	-7.435424e-08	6.462405e-03
9.812481359556972e-05	-9.002124e-08	7.295762e-03
9.816759270061996e-05	-1.054649e-07	8.130769e-03
9.821037180567018e-05	-1.206853e-07	8.967427e-03
9.825315091072040e-05	-1.356824e-07	9.805734e-03
9.829593001577062e-05	-1.504561e-07	1.064569e-02
9.839358626577062e-05	-1.821531e-07	1.254745e-02
9.849124251577062e-05	-2.111210e-07	1.442982e-02
9.858889876577063e-05	-2.368548e-07	1.628064e-02
9.868655501577063e-05	-2.589152e-07	1.808662e-02
9.872620743145492e-05	-2.667774e-07	1.881515e-02
9.876585984713922e-05	-2.739125e-07	1.952819e-02
9.880551226282351e-05	-2.803205e-07	2.022573e-02
9.884516467850779e-05	-2.860013e-07	2.090778e-02
9.888481709419208e-05	-2.909550e-07	2.157433e-02
9.892446950987637e-05	-2.951816e-07	2.222538e-02
9.896412192556067e-05	-2.986810e-07	2.286094e-02
9.904665285330439e-05	-3.034629e-07	2.412263e-02
9.913593947626522e-05	-3.049074e-07	2.539715e-02
9.923359572626522e-05	-3.020977e-07	2.666473e-02
9.933125197626523e-05	-2.948389e-07	2.778579e-02
9.942890822626523e-05	-2.833580e-07	2.874200e-02
9.952656447626523e-05	-2.679643e-07	2.951857e-02
9.962422072626523e-05	-2.490426e-07	3.010187e-02
9.972187697626524e-05	-2.270431e-07	3.047977e-02
9.981953322626524e-05	-2.024713e-07	3.064180e-02
9.991718947626524e-05	-1.758761e-07	3.058839e-02
9.999999999999999e-05	-1.521690e-07	3.040499e-02
